3.160000000000000000e+02 8.000000000000000000e+00 1.700000000000000000e+01 2.500000000000000000e+01 4.800000000000000000e+01 7.400000000000000000e+01 6.400000000000000000e+01
3.160000000000000000e+02 8.000000000000000000e+00 1.700000000000000000e+01 2.500000000000000000e+01 4.800000000000000000e+01 7.400000000000000000e+01 6.400000000000000000e+01
1.639000000000000000e+03 1.912000000000000000e+03 2.270000000000000000e+03 2.383000000000000000e+03 1.635000000000000000e+03 1.884000000000000000e+03 1.716000000000000000e+03
1.639000000000000000e+03 1.912000000000000000e+03 2.270000000000000000e+03 2.383000000000000000e+03 1.635000000000000000e+03 1.884000000000000000e+03 1.716000000000000000e+03
4.146000000000000000e+03 5.549000000000000000e+03 3.246000000000000000e+03 2.145000000000000000e+03 1.901000000000000000e+03 1.628000000000000000e+03 1.591000000000000000e+03
4.110000000000000000e+02 2.170000000000000000e+02 6.650000000000000000e+02 1.160000000000000000e+02 9.000000000000000000e+01 9.300000000000000000e+01 1.130000000000000000e+02
1.639000000000000000e+03 1.912000000000000000e+03 2.270000000000000000e+03 2.383000000000000000e+03 1.635000000000000000e+03 1.884000000000000000e+03 1.716000000000000000e+03
4.146000000000000000e+03 5.549000000000000000e+03 3.246000000000000000e+03 2.145000000000000000e+03 1.901000000000000000e+03 1.628000000000000000e+03 1.591000000000000000e+03
4.146000000000000000e+03 5.549000000000000000e+03 3.246000000000000000e+03 2.145000000000000000e+03 1.901000000000000000e+03 1.628000000000000000e+03 1.591000000000000000e+03
4.146000000000000000e+03 5.549000000000000000e+03 3.246000000000000000e+03 2.145000000000000000e+03 1.901000000000000000e+03 1.628000000000000000e+03 1.591000000000000000e+03
4.146000000000000000e+03 5.549000000000000000e+03 3.246000000000000000e+03 2.145000000000000000e+03 1.901000000000000000e+03 1.628000000000000000e+03 1.591000000000000000e+03
3.419000000000000000e+03 2.436000000000000000e+03 1.367000000000000000e+03 1.102000000000000000e+03 8.300000000000000000e+02 6.020000000000000000e+02 5.120000000000000000e+02
4.146000000000000000e+03 5.549000000000000000e+03 3.246000000000000000e+03 2.145000000000000000e+03 1.901000000000000000e+03 1.628000000000000000e+03 1.591000000000000000e+03
5.100000000000000000e+01 1.002000000000000000e+03 9.450000000000000000e+02 5.570000000000000000e+02 1.000000000000000000e+00 0.000000000000000000e+00 0.000000000000000000e+00
5.100000000000000000e+01 1.002000000000000000e+03 9.450000000000000000e+02 5.570000000000000000e+02 1.000000000000000000e+00 0.000000000000000000e+00 0.000000000000000000e+00
1.600000000000000000e+01 2.100000000000000000e+01 1.360000000000000000e+02 5.000000000000000000e+00 7.000000000000000000e+00 6.000000000000000000e+00 1.000000000000000000e+00
4.146000000000000000e+03 5.549000000000000000e+03 3.246000000000000000e+03 2.145000000000000000e+03 1.901000000000000000e+03 1.628000000000000000e+03 1.591000000000000000e+03
4.146000000000000000e+03 5.549000000000000000e+03 3.246000000000000000e+03 2.145000000000000000e+03 1.901000000000000000e+03 1.628000000000000000e+03 1.591000000000000000e+03
4.146000000000000000e+03 5.549000000000000000e+03 3.246000000000000000e+03 2.145000000000000000e+03 1.901000000000000000e+03 1.628000000000000000e+03 1.591000000000000000e+03
4.146000000000000000e+03 5.549000000000000000e+03 3.246000000000000000e+03 2.145000000000000000e+03 1.901000000000000000e+03 1.628000000000000000e+03 1.591000000000000000e+03
5.100000000000000000e+01 1.002000000000000000e+03 9.450000000000000000e+02 5.570000000000000000e+02 1.000000000000000000e+00 0.000000000000000000e+00 0.000000000000000000e+00
4.146000000000000000e+03 5.549000000000000000e+03 3.246000000000000000e+03 2.145000000000000000e+03 1.901000000000000000e+03 1.628000000000000000e+03 1.591000000000000000e+03
1.639000000000000000e+03 1.912000000000000000e+03 2.270000000000000000e+03 2.383000000000000000e+03 1.635000000000000000e+03 1.884000000000000000e+03 1.716000000000000000e+03
4.146000000000000000e+03 5.549000000000000000e+03 3.246000000000000000e+03 2.145000000000000000e+03 1.901000000000000000e+03 1.628000000000000000e+03 1.591000000000000000e+03
1.590000000000000000e+03 1.375000000000000000e+03 1.482000000000000000e+03 5.010000000000000000e+02 0.000000000000000000e+00 0.000000000000000000e+00 0.000000000000000000e+00
4.146000000000000000e+03 5.549000000000000000e+03 3.246000000000000000e+03 2.145000000000000000e+03 1.901000000000000000e+03 1.628000000000000000e+03 1.591000000000000000e+03
4.146000000000000000e+03 5.549000000000000000e+03 3.246000000000000000e+03 2.145000000000000000e+03 1.901000000000000000e+03 1.628000000000000000e+03 1.591000000000000000e+03
1.639000000000000000e+03 1.912000000000000000e+03 2.270000000000000000e+03 2.383000000000000000e+03 1.635000000000000000e+03 1.884000000000000000e+03 1.716000000000000000e+03
1.639000000000000000e+03 1.912000000000000000e+03 2.270000000000000000e+03 2.383000000000000000e+03 1.635000000000000000e+03 1.884000000000000000e+03 1.716000000000000000e+03
1.590000000000000000e+03 1.375000000000000000e+03 1.482000000000000000e+03 5.010000000000000000e+02 0.000000000000000000e+00 0.000000000000000000e+00 0.000000000000000000e+00
4.146000000000000000e+03 5.549000000000000000e+03 3.246000000000000000e+03 2.145000000000000000e+03 1.901000000000000000e+03 1.628000000000000000e+03 1.591000000000000000e+03
4.146000000000000000e+03 5.549000000000000000e+03 3.246000000000000000e+03 2.145000000000000000e+03 1.901000000000000000e+03 1.628000000000000000e+03 1.591000000000000000e+03
5.100000000000000000e+01 1.002000000000000000e+03 9.450000000000000000e+02 5.570000000000000000e+02 1.000000000000000000e+00 0.000000000000000000e+00 0.000000000000000000e+00
4.146000000000000000e+03 5.549000000000000000e+03 3.246000000000000000e+03 2.145000000000000000e+03 1.901000000000000000e+03 1.628000000000000000e+03 1.591000000000000000e+03
4.146000000000000000e+03 5.549000000000000000e+03 3.246000000000000000e+03 2.145000000000000000e+03 1.901000000000000000e+03 1.628000000000000000e+03 1.591000000000000000e+03
1.600000000000000000e+01 2.100000000000000000e+01 1.360000000000000000e+02 5.000000000000000000e+00 7.000000000000000000e+00 6.000000000000000000e+00 1.000000000000000000e+00
3.090000000000000000e+02 3.770000000000000000e+02 4.880000000000000000e+02 1.168000000000000000e+03 1.545000000000000000e+03 1.204000000000000000e+03 5.550000000000000000e+02
4.146000000000000000e+03 5.549000000000000000e+03 3.246000000000000000e+03 2.145000000000000000e+03 1.901000000000000000e+03 1.628000000000000000e+03 1.591000000000000000e+03
4.146000000000000000e+03 5.549000000000000000e+03 3.246000000000000000e+03 2.145000000000000000e+03 1.901000000000000000e+03 1.628000000000000000e+03 1.591000000000000000e+03
4.146000000000000000e+03 5.549000000000000000e+03 3.246000000000000000e+03 2.145000000000000000e+03 1.901000000000000000e+03 1.628000000000000000e+03 1.591000000000000000e+03
3.419000000000000000e+03 2.436000000000000000e+03 1.367000000000000000e+03 1.102000000000000000e+03 8.300000000000000000e+02 6.020000000000000000e+02 5.120000000000000000e+02
3.419000000000000000e+03 2.436000000000000000e+03 1.367000000000000000e+03 1.102000000000000000e+03 8.300000000000000000e+02 6.020000000000000000e+02 5.120000000000000000e+02
4.146000000000000000e+03 5.549000000000000000e+03 3.246000000000000000e+03 2.145000000000000000e+03 1.901000000000000000e+03 1.628000000000000000e+03 1.591000000000000000e+03
4.146000000000000000e+03 5.549000000000000000e+03 3.246000000000000000e+03 2.145000000000000000e+03 1.901000000000000000e+03 1.628000000000000000e+03 1.591000000000000000e+03
3.160000000000000000e+02 8.000000000000000000e+00 1.700000000000000000e+01 2.500000000000000000e+01 4.800000000000000000e+01 7.400000000000000000e+01 6.400000000000000000e+01
4.146000000000000000e+03 5.549000000000000000e+03 3.246000000000000000e+03 2.145000000000000000e+03 1.901000000000000000e+03 1.628000000000000000e+03 1.591000000000000000e+03
4.146000000000000000e+03 5.549000000000000000e+03 3.246000000000000000e+03 2.145000000000000000e+03 1.901000000000000000e+03 1.628000000000000000e+03 1.591000000000000000e+03
4.146000000000000000e+03 5.549000000000000000e+03 3.246000000000000000e+03 2.145000000000000000e+03 1.901000000000000000e+03 1.628000000000000000e+03 1.591000000000000000e+03
4.146000000000000000e+03 5.549000000000000000e+03 3.246000000000000000e+03 2.145000000000000000e+03 1.901000000000000000e+03 1.628000000000000000e+03 1.591000000000000000e+03
4.146000000000000000e+03 5.549000000000000000e+03 3.246000000000000000e+03 2.145000000000000000e+03 1.901000000000000000e+03 1.628000000000000000e+03 1.591000000000000000e+03
4.146000000000000000e+03 5.549000000000000000e+03 3.246000000000000000e+03 2.145000000000000000e+03 1.901000000000000000e+03 1.628000000000000000e+03 1.591000000000000000e+03
4.146000000000000000e+03 5.549000000000000000e+03 3.246000000000000000e+03 2.145000000000000000e+03 1.901000000000000000e+03 1.628000000000000000e+03 1.591000000000000000e+03
3.160000000000000000e+02 8.000000000000000000e+00 1.700000000000000000e+01 2.500000000000000000e+01 4.800000000000000000e+01 7.400000000000000000e+01 6.400000000000000000e+01
1.590000000000000000e+03 1.375000000000000000e+03 1.482000000000000000e+03 5.010000000000000000e+02 0.000000000000000000e+00 0.000000000000000000e+00 0.000000000000000000e+00
3.140000000000000000e+02 5.570000000000000000e+02 7.290000000000000000e+02 7.580000000000000000e+02 4.210000000000000000e+02 3.140000000000000000e+02 2.300000000000000000e+02
1.639000000000000000e+03 1.912000000000000000e+03 2.270000000000000000e+03 2.383000000000000000e+03 1.635000000000000000e+03 1.884000000000000000e+03 1.716000000000000000e+03
4.146000000000000000e+03 5.549000000000000000e+03 3.246000000000000000e+03 2.145000000000000000e+03 1.901000000000000000e+03 1.628000000000000000e+03 1.591000000000000000e+03
1.639000000000000000e+03 1.912000000000000000e+03 2.270000000000000000e+03 2.383000000000000000e+03 1.635000000000000000e+03 1.884000000000000000e+03 1.716000000000000000e+03
1.639000000000000000e+03 1.912000000000000000e+03 2.270000000000000000e+03 2.383000000000000000e+03 1.635000000000000000e+03 1.884000000000000000e+03 1.716000000000000000e+03
1.639000000000000000e+03 1.912000000000000000e+03 2.270000000000000000e+03 2.383000000000000000e+03 1.635000000000000000e+03 1.884000000000000000e+03 1.716000000000000000e+03
1.639000000000000000e+03 1.912000000000000000e+03 2.270000000000000000e+03 2.383000000000000000e+03 1.635000000000000000e+03 1.884000000000000000e+03 1.716000000000000000e+03
1.590000000000000000e+03 1.375000000000000000e+03 1.482000000000000000e+03 5.010000000000000000e+02 0.000000000000000000e+00 0.000000000000000000e+00 0.000000000000000000e+00
1.639000000000000000e+03 1.912000000000000000e+03 2.270000000000000000e+03 2.383000000000000000e+03 1.635000000000000000e+03 1.884000000000000000e+03 1.716000000000000000e+03
3.419000000000000000e+03 2.436000000000000000e+03 1.367000000000000000e+03 1.102000000000000000e+03 8.300000000000000000e+02 6.020000000000000000e+02 5.120000000000000000e+02
4.146000000000000000e+03 5.549000000000000000e+03 3.246000000000000000e+03 2.145000000000000000e+03 1.901000000000000000e+03 1.628000000000000000e+03 1.591000000000000000e+03
4.146000000000000000e+03 5.549000000000000000e+03 3.246000000000000000e+03 2.145000000000000000e+03 1.901000000000000000e+03 1.628000000000000000e+03 1.591000000000000000e+03
4.146000000000000000e+03 5.549000000000000000e+03 3.246000000000000000e+03 2.145000000000000000e+03 1.901000000000000000e+03 1.628000000000000000e+03 1.591000000000000000e+03
1.639000000000000000e+03 1.912000000000000000e+03 2.270000000000000000e+03 2.383000000000000000e+03 1.635000000000000000e+03 1.884000000000000000e+03 1.716000000000000000e+03
4.146000000000000000e+03 5.549000000000000000e+03 3.246000000000000000e+03 2.145000000000000000e+03 1.901000000000000000e+03 1.628000000000000000e+03 1.591000000000000000e+03
1.639000000000000000e+03 1.912000000000000000e+03 2.270000000000000000e+03 2.383000000000000000e+03 1.635000000000000000e+03 1.884000000000000000e+03 1.716000000000000000e+03
1.590000000000000000e+03 1.375000000000000000e+03 1.482000000000000000e+03 5.010000000000000000e+02 0.000000000000000000e+00 0.000000000000000000e+00 0.000000000000000000e+00
1.639000000000000000e+03 1.912000000000000000e+03 2.270000000000000000e+03 2.383000000000000000e+03 1.635000000000000000e+03 1.884000000000000000e+03 1.716000000000000000e+03
4.146000000000000000e+03 5.549000000000000000e+03 3.246000000000000000e+03 2.145000000000000000e+03 1.901000000000000000e+03 1.628000000000000000e+03 1.591000000000000000e+03
3.160000000000000000e+02 8.000000000000000000e+00 1.700000000000000000e+01 2.500000000000000000e+01 4.800000000000000000e+01 7.400000000000000000e+01 6.400000000000000000e+01
1.639000000000000000e+03 1.912000000000000000e+03 2.270000000000000000e+03 2.383000000000000000e+03 1.635000000000000000e+03 1.884000000000000000e+03 1.716000000000000000e+03
3.419000000000000000e+03 2.436000000000000000e+03 1.367000000000000000e+03 1.102000000000000000e+03 8.300000000000000000e+02 6.020000000000000000e+02 5.120000000000000000e+02
3.419000000000000000e+03 2.436000000000000000e+03 1.367000000000000000e+03 1.102000000000000000e+03 8.300000000000000000e+02 6.020000000000000000e+02 5.120000000000000000e+02
3.140000000000000000e+02 5.570000000000000000e+02 7.290000000000000000e+02 7.580000000000000000e+02 4.210000000000000000e+02 3.140000000000000000e+02 2.300000000000000000e+02
4.146000000000000000e+03 5.549000000000000000e+03 3.246000000000000000e+03 2.145000000000000000e+03 1.901000000000000000e+03 1.628000000000000000e+03 1.591000000000000000e+03
1.639000000000000000e+03 1.912000000000000000e+03 2.270000000000000000e+03 2.383000000000000000e+03 1.635000000000000000e+03 1.884000000000000000e+03 1.716000000000000000e+03
1.639000000000000000e+03 1.912000000000000000e+03 2.270000000000000000e+03 2.383000000000000000e+03 1.635000000000000000e+03 1.884000000000000000e+03 1.716000000000000000e+03
1.639000000000000000e+03 1.912000000000000000e+03 2.270000000000000000e+03 2.383000000000000000e+03 1.635000000000000000e+03 1.884000000000000000e+03 1.716000000000000000e+03
4.146000000000000000e+03 5.549000000000000000e+03 3.246000000000000000e+03 2.145000000000000000e+03 1.901000000000000000e+03 1.628000000000000000e+03 1.591000000000000000e+03
1.639000000000000000e+03 1.912000000000000000e+03 2.270000000000000000e+03 2.383000000000000000e+03 1.635000000000000000e+03 1.884000000000000000e+03 1.716000000000000000e+03
4.146000000000000000e+03 5.549000000000000000e+03 3.246000000000000000e+03 2.145000000000000000e+03 1.901000000000000000e+03 1.628000000000000000e+03 1.591000000000000000e+03
4.146000000000000000e+03 5.549000000000000000e+03 3.246000000000000000e+03 2.145000000000000000e+03 1.901000000000000000e+03 1.628000000000000000e+03 1.591000000000000000e+03
4.146000000000000000e+03 5.549000000000000000e+03 3.246000000000000000e+03 2.145000000000000000e+03 1.901000000000000000e+03 1.628000000000000000e+03 1.591000000000000000e+03
1.639000000000000000e+03 1.912000000000000000e+03 2.270000000000000000e+03 2.383000000000000000e+03 1.635000000000000000e+03 1.884000000000000000e+03 1.716000000000000000e+03
1.639000000000000000e+03 1.912000000000000000e+03 2.270000000000000000e+03 2.383000000000000000e+03 1.635000000000000000e+03 1.884000000000000000e+03 1.716000000000000000e+03
1.639000000000000000e+03 1.912000000000000000e+03 2.270000000000000000e+03 2.383000000000000000e+03 1.635000000000000000e+03 1.884000000000000000e+03 1.716000000000000000e+03
1.639000000000000000e+03 1.912000000000000000e+03 2.270000000000000000e+03 2.383000000000000000e+03 1.635000000000000000e+03 1.884000000000000000e+03 1.716000000000000000e+03
3.419000000000000000e+03 2.436000000000000000e+03 1.367000000000000000e+03 1.102000000000000000e+03 8.300000000000000000e+02 6.020000000000000000e+02 5.120000000000000000e+02
4.146000000000000000e+03 5.549000000000000000e+03 3.246000000000000000e+03 2.145000000000000000e+03 1.901000000000000000e+03 1.628000000000000000e+03 1.591000000000000000e+03
4.146000000000000000e+03 5.549000000000000000e+03 3.246000000000000000e+03 2.145000000000000000e+03 1.901000000000000000e+03 1.628000000000000000e+03 1.591000000000000000e+03
4.146000000000000000e+03 5.549000000000000000e+03 3.246000000000000000e+03 2.145000000000000000e+03 1.901000000000000000e+03 1.628000000000000000e+03 1.591000000000000000e+03
3.160000000000000000e+02 8.000000000000000000e+00 1.700000000000000000e+01 2.500000000000000000e+01 4.800000000000000000e+01 7.400000000000000000e+01 6.400000000000000000e+01
4.146000000000000000e+03 5.549000000000000000e+03 3.246000000000000000e+03 2.145000000000000000e+03 1.901000000000000000e+03 1.628000000000000000e+03 1.591000000000000000e+03
4.146000000000000000e+03 5.549000000000000000e+03 3.246000000000000000e+03 2.145000000000000000e+03 1.901000000000000000e+03 1.628000000000000000e+03 1.591000000000000000e+03
4.146000000000000000e+03 5.549000000000000000e+03 3.246000000000000000e+03 2.145000000000000000e+03 1.901000000000000000e+03 1.628000000000000000e+03 1.591000000000000000e+03
4.146000000000000000e+03 5.549000000000000000e+03 3.246000000000000000e+03 2.145000000000000000e+03 1.901000000000000000e+03 1.628000000000000000e+03 1.591000000000000000e+03
1.639000000000000000e+03 1.912000000000000000e+03 2.270000000000000000e+03 2.383000000000000000e+03 1.635000000000000000e+03 1.884000000000000000e+03 1.716000000000000000e+03
1.639000000000000000e+03 1.912000000000000000e+03 2.270000000000000000e+03 2.383000000000000000e+03 1.635000000000000000e+03 1.884000000000000000e+03 1.716000000000000000e+03
3.419000000000000000e+03 2.436000000000000000e+03 1.367000000000000000e+03 1.102000000000000000e+03 8.300000000000000000e+02 6.020000000000000000e+02 5.120000000000000000e+02
4.146000000000000000e+03 5.549000000000000000e+03 3.246000000000000000e+03 2.145000000000000000e+03 1.901000000000000000e+03 1.628000000000000000e+03 1.591000000000000000e+03
1.639000000000000000e+03 1.912000000000000000e+03 2.270000000000000000e+03 2.383000000000000000e+03 1.635000000000000000e+03 1.884000000000000000e+03 1.716000000000000000e+03
4.146000000000000000e+03 5.549000000000000000e+03 3.246000000000000000e+03 2.145000000000000000e+03 1.901000000000000000e+03 1.628000000000000000e+03 1.591000000000000000e+03
4.146000000000000000e+03 5.549000000000000000e+03 3.246000000000000000e+03 2.145000000000000000e+03 1.901000000000000000e+03 1.628000000000000000e+03 1.591000000000000000e+03
4.146000000000000000e+03 5.549000000000000000e+03 3.246000000000000000e+03 2.145000000000000000e+03 1.901000000000000000e+03 1.628000000000000000e+03 1.591000000000000000e+03
3.160000000000000000e+02 8.000000000000000000e+00 1.700000000000000000e+01 2.500000000000000000e+01 4.800000000000000000e+01 7.400000000000000000e+01 6.400000000000000000e+01
1.639000000000000000e+03 1.912000000000000000e+03 2.270000000000000000e+03 2.383000000000000000e+03 1.635000000000000000e+03 1.884000000000000000e+03 1.716000000000000000e+03
1.590000000000000000e+03 1.375000000000000000e+03 1.482000000000000000e+03 5.010000000000000000e+02 0.000000000000000000e+00 0.000000000000000000e+00 0.000000000000000000e+00
1.639000000000000000e+03 1.912000000000000000e+03 2.270000000000000000e+03 2.383000000000000000e+03 1.635000000000000000e+03 1.884000000000000000e+03 1.716000000000000000e+03
5.100000000000000000e+01 1.002000000000000000e+03 9.450000000000000000e+02 5.570000000000000000e+02 1.000000000000000000e+00 0.000000000000000000e+00 0.000000000000000000e+00
4.146000000000000000e+03 5.549000000000000000e+03 3.246000000000000000e+03 2.145000000000000000e+03 1.901000000000000000e+03 1.628000000000000000e+03 1.591000000000000000e+03
1.590000000000000000e+03 1.375000000000000000e+03 1.482000000000000000e+03 5.010000000000000000e+02 0.000000000000000000e+00 0.000000000000000000e+00 0.000000000000000000e+00
3.090000000000000000e+02 3.770000000000000000e+02 4.880000000000000000e+02 1.168000000000000000e+03 1.545000000000000000e+03 1.204000000000000000e+03 5.550000000000000000e+02
3.090000000000000000e+02 3.770000000000000000e+02 4.880000000000000000e+02 1.168000000000000000e+03 1.545000000000000000e+03 1.204000000000000000e+03 5.550000000000000000e+02
3.090000000000000000e+02 3.770000000000000000e+02 4.880000000000000000e+02 1.168000000000000000e+03 1.545000000000000000e+03 1.204000000000000000e+03 5.550000000000000000e+02
4.146000000000000000e+03 5.549000000000000000e+03 3.246000000000000000e+03 2.145000000000000000e+03 1.901000000000000000e+03 1.628000000000000000e+03 1.591000000000000000e+03
4.146000000000000000e+03 5.549000000000000000e+03 3.246000000000000000e+03 2.145000000000000000e+03 1.901000000000000000e+03 1.628000000000000000e+03 1.591000000000000000e+03
4.146000000000000000e+03 5.549000000000000000e+03 3.246000000000000000e+03 2.145000000000000000e+03 1.901000000000000000e+03 1.628000000000000000e+03 1.591000000000000000e+03
1.000000000000000000e+00 1.219000000000000000e+03 1.963000000000000000e+03 1.709000000000000000e+03 2.450000000000000000e+02 0.000000000000000000e+00 0.000000000000000000e+00
1.590000000000000000e+03 1.375000000000000000e+03 1.482000000000000000e+03 5.010000000000000000e+02 0.000000000000000000e+00 0.000000000000000000e+00 0.000000000000000000e+00
4.146000000000000000e+03 5.549000000000000000e+03 3.246000000000000000e+03 2.145000000000000000e+03 1.901000000000000000e+03 1.628000000000000000e+03 1.591000000000000000e+03
4.146000000000000000e+03 5.549000000000000000e+03 3.246000000000000000e+03 2.145000000000000000e+03 1.901000000000000000e+03 1.628000000000000000e+03 1.591000000000000000e+03
4.146000000000000000e+03 5.549000000000000000e+03 3.246000000000000000e+03 2.145000000000000000e+03 1.901000000000000000e+03 1.628000000000000000e+03 1.591000000000000000e+03
4.146000000000000000e+03 5.549000000000000000e+03 3.246000000000000000e+03 2.145000000000000000e+03 1.901000000000000000e+03 1.628000000000000000e+03 1.591000000000000000e+03
1.323000000000000000e+03 1.603000000000000000e+03 7.970000000000000000e+02 1.000000000000000000e+00 3.000000000000000000e+00 3.000000000000000000e+00 3.000000000000000000e+00
3.419000000000000000e+03 2.436000000000000000e+03 1.367000000000000000e+03 1.102000000000000000e+03 8.300000000000000000e+02 6.020000000000000000e+02 5.120000000000000000e+02
4.146000000000000000e+03 5.549000000000000000e+03 3.246000000000000000e+03 2.145000000000000000e+03 1.901000000000000000e+03 1.628000000000000000e+03 1.591000000000000000e+03
4.146000000000000000e+03 5.549000000000000000e+03 3.246000000000000000e+03 2.145000000000000000e+03 1.901000000000000000e+03 1.628000000000000000e+03 1.591000000000000000e+03
3.419000000000000000e+03 2.436000000000000000e+03 1.367000000000000000e+03 1.102000000000000000e+03 8.300000000000000000e+02 6.020000000000000000e+02 5.120000000000000000e+02
1.590000000000000000e+03 1.375000000000000000e+03 1.482000000000000000e+03 5.010000000000000000e+02 0.000000000000000000e+00 0.000000000000000000e+00 0.000000000000000000e+00
1.639000000000000000e+03 1.912000000000000000e+03 2.270000000000000000e+03 2.383000000000000000e+03 1.635000000000000000e+03 1.884000000000000000e+03 1.716000000000000000e+03
1.639000000000000000e+03 1.912000000000000000e+03 2.270000000000000000e+03 2.383000000000000000e+03 1.635000000000000000e+03 1.884000000000000000e+03 1.716000000000000000e+03
4.146000000000000000e+03 5.549000000000000000e+03 3.246000000000000000e+03 2.145000000000000000e+03 1.901000000000000000e+03 1.628000000000000000e+03 1.591000000000000000e+03
1.590000000000000000e+03 1.375000000000000000e+03 1.482000000000000000e+03 5.010000000000000000e+02 0.000000000000000000e+00 0.000000000000000000e+00 0.000000000000000000e+00
4.146000000000000000e+03 5.549000000000000000e+03 3.246000000000000000e+03 2.145000000000000000e+03 1.901000000000000000e+03 1.628000000000000000e+03 1.591000000000000000e+03
4.146000000000000000e+03 5.549000000000000000e+03 3.246000000000000000e+03 2.145000000000000000e+03 1.901000000000000000e+03 1.628000000000000000e+03 1.591000000000000000e+03
4.146000000000000000e+03 5.549000000000000000e+03 3.246000000000000000e+03 2.145000000000000000e+03 1.901000000000000000e+03 1.628000000000000000e+03 1.591000000000000000e+03
1.590000000000000000e+03 1.375000000000000000e+03 1.482000000000000000e+03 5.010000000000000000e+02 0.000000000000000000e+00 0.000000000000000000e+00 0.000000000000000000e+00
4.146000000000000000e+03 5.549000000000000000e+03 3.246000000000000000e+03 2.145000000000000000e+03 1.901000000000000000e+03 1.628000000000000000e+03 1.591000000000000000e+03
1.639000000000000000e+03 1.912000000000000000e+03 2.270000000000000000e+03 2.383000000000000000e+03 1.635000000000000000e+03 1.884000000000000000e+03 1.716000000000000000e+03
4.146000000000000000e+03 5.549000000000000000e+03 3.246000000000000000e+03 2.145000000000000000e+03 1.901000000000000000e+03 1.628000000000000000e+03 1.591000000000000000e+03
3.419000000000000000e+03 2.436000000000000000e+03 1.367000000000000000e+03 1.102000000000000000e+03 8.300000000000000000e+02 6.020000000000000000e+02 5.120000000000000000e+02
4.146000000000000000e+03 5.549000000000000000e+03 3.246000000000000000e+03 2.145000000000000000e+03 1.901000000000000000e+03 1.628000000000000000e+03 1.591000000000000000e+03
4.146000000000000000e+03 5.549000000000000000e+03 3.246000000000000000e+03 2.145000000000000000e+03 1.901000000000000000e+03 1.628000000000000000e+03 1.591000000000000000e+03
4.146000000000000000e+03 5.549000000000000000e+03 3.246000000000000000e+03 2.145000000000000000e+03 1.901000000000000000e+03 1.628000000000000000e+03 1.591000000000000000e+03
4.146000000000000000e+03 5.549000000000000000e+03 3.246000000000000000e+03 2.145000000000000000e+03 1.901000000000000000e+03 1.628000000000000000e+03 1.591000000000000000e+03
4.146000000000000000e+03 5.549000000000000000e+03 3.246000000000000000e+03 2.145000000000000000e+03 1.901000000000000000e+03 1.628000000000000000e+03 1.591000000000000000e+03
4.146000000000000000e+03 5.549000000000000000e+03 3.246000000000000000e+03 2.145000000000000000e+03 1.901000000000000000e+03 1.628000000000000000e+03 1.591000000000000000e+03
4.146000000000000000e+03 5.549000000000000000e+03 3.246000000000000000e+03 2.145000000000000000e+03 1.901000000000000000e+03 1.628000000000000000e+03 1.591000000000000000e+03
4.146000000000000000e+03 5.549000000000000000e+03 3.246000000000000000e+03 2.145000000000000000e+03 1.901000000000000000e+03 1.628000000000000000e+03 1.591000000000000000e+03
3.160000000000000000e+02 8.000000000000000000e+00 1.700000000000000000e+01 2.500000000000000000e+01 4.800000000000000000e+01 7.400000000000000000e+01 6.400000000000000000e+01
5.100000000000000000e+01 1.002000000000000000e+03 9.450000000000000000e+02 5.570000000000000000e+02 1.000000000000000000e+00 0.000000000000000000e+00 0.000000000000000000e+00
4.146000000000000000e+03 5.549000000000000000e+03 3.246000000000000000e+03 2.145000000000000000e+03 1.901000000000000000e+03 1.628000000000000000e+03 1.591000000000000000e+03
4.146000000000000000e+03 5.549000000000000000e+03 3.246000000000000000e+03 2.145000000000000000e+03 1.901000000000000000e+03 1.628000000000000000e+03 1.591000000000000000e+03
1.639000000000000000e+03 1.912000000000000000e+03 2.270000000000000000e+03 2.383000000000000000e+03 1.635000000000000000e+03 1.884000000000000000e+03 1.716000000000000000e+03
4.146000000000000000e+03 5.549000000000000000e+03 3.246000000000000000e+03 2.145000000000000000e+03 1.901000000000000000e+03 1.628000000000000000e+03 1.591000000000000000e+03
4.146000000000000000e+03 5.549000000000000000e+03 3.246000000000000000e+03 2.145000000000000000e+03 1.901000000000000000e+03 1.628000000000000000e+03 1.591000000000000000e+03
3.140000000000000000e+02 5.570000000000000000e+02 7.290000000000000000e+02 7.580000000000000000e+02 4.210000000000000000e+02 3.140000000000000000e+02 2.300000000000000000e+02
3.160000000000000000e+02 8.000000000000000000e+00 1.700000000000000000e+01 2.500000000000000000e+01 4.800000000000000000e+01 7.400000000000000000e+01 6.400000000000000000e+01
4.146000000000000000e+03 5.549000000000000000e+03 3.246000000000000000e+03 2.145000000000000000e+03 1.901000000000000000e+03 1.628000000000000000e+03 1.591000000000000000e+03
3.419000000000000000e+03 2.436000000000000000e+03 1.367000000000000000e+03 1.102000000000000000e+03 8.300000000000000000e+02 6.020000000000000000e+02 5.120000000000000000e+02
1.590000000000000000e+03 1.375000000000000000e+03 1.482000000000000000e+03 5.010000000000000000e+02 0.000000000000000000e+00 0.000000000000000000e+00 0.000000000000000000e+00
1.639000000000000000e+03 1.912000000000000000e+03 2.270000000000000000e+03 2.383000000000000000e+03 1.635000000000000000e+03 1.884000000000000000e+03 1.716000000000000000e+03
4.146000000000000000e+03 5.549000000000000000e+03 3.246000000000000000e+03 2.145000000000000000e+03 1.901000000000000000e+03 1.628000000000000000e+03 1.591000000000000000e+03
4.146000000000000000e+03 5.549000000000000000e+03 3.246000000000000000e+03 2.145000000000000000e+03 1.901000000000000000e+03 1.628000000000000000e+03 1.591000000000000000e+03
4.110000000000000000e+02 2.170000000000000000e+02 6.650000000000000000e+02 1.160000000000000000e+02 9.000000000000000000e+01 9.300000000000000000e+01 1.130000000000000000e+02
1.639000000000000000e+03 1.912000000000000000e+03 2.270000000000000000e+03 2.383000000000000000e+03 1.635000000000000000e+03 1.884000000000000000e+03 1.716000000000000000e+03
4.146000000000000000e+03 5.549000000000000000e+03 3.246000000000000000e+03 2.145000000000000000e+03 1.901000000000000000e+03 1.628000000000000000e+03 1.591000000000000000e+03
3.140000000000000000e+02 5.570000000000000000e+02 7.290000000000000000e+02 7.580000000000000000e+02 4.210000000000000000e+02 3.140000000000000000e+02 2.300000000000000000e+02
3.419000000000000000e+03 2.436000000000000000e+03 1.367000000000000000e+03 1.102000000000000000e+03 8.300000000000000000e+02 6.020000000000000000e+02 5.120000000000000000e+02
4.146000000000000000e+03 5.549000000000000000e+03 3.246000000000000000e+03 2.145000000000000000e+03 1.901000000000000000e+03 1.628000000000000000e+03 1.591000000000000000e+03
4.146000000000000000e+03 5.549000000000000000e+03 3.246000000000000000e+03 2.145000000000000000e+03 1.901000000000000000e+03 1.628000000000000000e+03 1.591000000000000000e+03
4.146000000000000000e+03 5.549000000000000000e+03 3.246000000000000000e+03 2.145000000000000000e+03 1.901000000000000000e+03 1.628000000000000000e+03 1.591000000000000000e+03
1.590000000000000000e+03 1.375000000000000000e+03 1.482000000000000000e+03 5.010000000000000000e+02 0.000000000000000000e+00 0.000000000000000000e+00 0.000000000000000000e+00
4.110000000000000000e+02 2.170000000000000000e+02 6.650000000000000000e+02 1.160000000000000000e+02 9.000000000000000000e+01 9.300000000000000000e+01 1.130000000000000000e+02
1.590000000000000000e+03 1.375000000000000000e+03 1.482000000000000000e+03 5.010000000000000000e+02 0.000000000000000000e+00 0.000000000000000000e+00 0.000000000000000000e+00
1.639000000000000000e+03 1.912000000000000000e+03 2.270000000000000000e+03 2.383000000000000000e+03 1.635000000000000000e+03 1.884000000000000000e+03 1.716000000000000000e+03
4.146000000000000000e+03 5.549000000000000000e+03 3.246000000000000000e+03 2.145000000000000000e+03 1.901000000000000000e+03 1.628000000000000000e+03 1.591000000000000000e+03
4.146000000000000000e+03 5.549000000000000000e+03 3.246000000000000000e+03 2.145000000000000000e+03 1.901000000000000000e+03 1.628000000000000000e+03 1.591000000000000000e+03
1.639000000000000000e+03 1.912000000000000000e+03 2.270000000000000000e+03 2.383000000000000000e+03 1.635000000000000000e+03 1.884000000000000000e+03 1.716000000000000000e+03
1.639000000000000000e+03 1.912000000000000000e+03 2.270000000000000000e+03 2.383000000000000000e+03 1.635000000000000000e+03 1.884000000000000000e+03 1.716000000000000000e+03
1.639000000000000000e+03 1.912000000000000000e+03 2.270000000000000000e+03 2.383000000000000000e+03 1.635000000000000000e+03 1.884000000000000000e+03 1.716000000000000000e+03
1.639000000000000000e+03 1.912000000000000000e+03 2.270000000000000000e+03 2.383000000000000000e+03 1.635000000000000000e+03 1.884000000000000000e+03 1.716000000000000000e+03
4.146000000000000000e+03 5.549000000000000000e+03 3.246000000000000000e+03 2.145000000000000000e+03 1.901000000000000000e+03 1.628000000000000000e+03 1.591000000000000000e+03
4.146000000000000000e+03 5.549000000000000000e+03 3.246000000000000000e+03 2.145000000000000000e+03 1.901000000000000000e+03 1.628000000000000000e+03 1.591000000000000000e+03
4.146000000000000000e+03 5.549000000000000000e+03 3.246000000000000000e+03 2.145000000000000000e+03 1.901000000000000000e+03 1.628000000000000000e+03 1.591000000000000000e+03
3.140000000000000000e+02 5.570000000000000000e+02 7.290000000000000000e+02 7.580000000000000000e+02 4.210000000000000000e+02 3.140000000000000000e+02 2.300000000000000000e+02
3.419000000000000000e+03 2.436000000000000000e+03 1.367000000000000000e+03 1.102000000000000000e+03 8.300000000000000000e+02 6.020000000000000000e+02 5.120000000000000000e+02
5.100000000000000000e+01 1.002000000000000000e+03 9.450000000000000000e+02 5.570000000000000000e+02 1.000000000000000000e+00 0.000000000000000000e+00 0.000000000000000000e+00
4.146000000000000000e+03 5.549000000000000000e+03 3.246000000000000000e+03 2.145000000000000000e+03 1.901000000000000000e+03 1.628000000000000000e+03 1.591000000000000000e+03
4.146000000000000000e+03 5.549000000000000000e+03 3.246000000000000000e+03 2.145000000000000000e+03 1.901000000000000000e+03 1.628000000000000000e+03 1.591000000000000000e+03
1.639000000000000000e+03 1.912000000000000000e+03 2.270000000000000000e+03 2.383000000000000000e+03 1.635000000000000000e+03 1.884000000000000000e+03 1.716000000000000000e+03
4.146000000000000000e+03 5.549000000000000000e+03 3.246000000000000000e+03 2.145000000000000000e+03 1.901000000000000000e+03 1.628000000000000000e+03 1.591000000000000000e+03
4.146000000000000000e+03 5.549000000000000000e+03 3.246000000000000000e+03 2.145000000000000000e+03 1.901000000000000000e+03 1.628000000000000000e+03 1.591000000000000000e+03
5.000000000000000000e+01 6.800000000000000000e+01 4.310000000000000000e+02 4.540000000000000000e+02 5.670000000000000000e+02 4.870000000000000000e+02 3.810000000000000000e+02
4.146000000000000000e+03 5.549000000000000000e+03 3.246000000000000000e+03 2.145000000000000000e+03 1.901000000000000000e+03 1.628000000000000000e+03 1.591000000000000000e+03
3.419000000000000000e+03 2.436000000000000000e+03 1.367000000000000000e+03 1.102000000000000000e+03 8.300000000000000000e+02 6.020000000000000000e+02 5.120000000000000000e+02
