13.0 3.0 5.0 4.0 3.0 2.0 2.0 2.0 1.0 0.0 
1.0 0.0 0.0 0.0 0.0 0.0 2.0 1.0 1.0 0.0 
3.0 1.0 1.0 3.0 0.0 0.0 0.0 1.0 0.0 0.0 
2.0 1.0 2.0 4.0 2.0 2.0 2.0 3.0 
0.0 1.0 13.0 1.0 2.0 2.0 2.0 2.0 
20.0 1.0 0.0 0.0 0.0 0.0 0.0 0.0 0.0 
5.0 2.0 1.0 1.0 1.0 0.0 0.0 1.0 0.0 0.0 
4.0 1.0 9.0 24.0 12.0 4.0 2.0 1.0 2.0 1.0 
2.0 3.0 4.0 2.0 2.0 0.0 2.0 0.0 
5.0 1.0 3.0 1.0 0.0 0.0 0.0 1.0 1.0 
1.0 0.0 1.0 1.0 0.0 0.0 0.0 0.0 0.0 0.0 
11.0 10.0 1.0 5.0 1.0 1.0 0.0 3.0 
2.0 2.0 6.0 4.0 4.0 0.0 4.0 3.0 
0.0 0.0 1.0 0.0 1.0 0.0 0.0 0.0 0.0 1.0 
4.0 7.0 0.0 1.0 1.0 2.0 3.0 1.0 0.0 0.0 
6.0 2.0 6.0 0.0 2.0 3.0 4.0 2.0 2.0 4.0 
11.0 4.0 3.0 1.0 1.0 1.0 0.0 0.0 
4.0 0.0 3.0 0.0 3.0 2.0 2.0 1.0 2.0 
1.0 3.0 0.0 0.0 0.0 2.0 0.0 0.0 1.0 
6.0 3.0 4.0 3.0 1.0 1.0 1.0 0.0 0.0 2.0 
38.0 19.0 26.0 25.0 11.0 15.0 11.0 7.0 8.0 1.0 
3.0 5.0 5.0 1.0 3.0 1.0 3.0 1.0 
1.0 0.0 50.0 0.0 0.0 0.0 0.0 0.0 
5.0 0.0 0.0 8.0 0.0 3.0 1.0 0.0 0.0 0.0 
3.0 4.0 2.0 1.0 2.0 2.0 1.0 3.0 3.0 
7.0 5.0 5.0 0.0 3.0 3.0 3.0 0.0 0.0 0.0 
4.0 5.0 1.0 2.0 1.0 1.0 2.0 0.0 
1.0 28.0 22.0 0.0 0.0 0.0 0.0 0.0 0.0 
3.0 1.0 0.0 2.0 2.0 2.0 1.0 1.0 
0.0 0.0 0.0 2.0 1.0 4.0 2.0 3.0 
368.0 255.0 182.0 150.0 128.0 90.0 76.0 58.0 78.0 
0.0 3.0 2.0 4.0 0.0 0.0 0.0 0.0 
7.0 7.0 4.0 6.0 5.0 1.0 1.0 1.0 
0.0 0.0 0.0 0.0 0.0 0.0 5.0 45.0 0.0 0.0 
10.0 4.0 6.0 2.0 3.0 3.0 2.0 2.0 1.0 
3.0 6.0 0.0 0.0 0.0 0.0 1.0 0.0 0.0 0.0 
1.0 3.0 5.0 5.0 1.0 0.0 0.0 1.0 
1.0 0.0 0.0 0.0 0.0 0.0 0.0 0.0 0.0 
8.0 4.0 0.0 1.0 2.0 6.0 9.0 8.0 1.0 1.0 
4.0 6.0 6.0 3.0 2.0 1.0 1.0 0.0 0.0 1.0 
5.0 4.0 2.0 0.0 2.0 0.0 0.0 0.0 
3.0 6.0 1.0 0.0 2.0 1.0 1.0 0.0 0.0 5.0 
455.0 276.0 279.0 236.0 205.0 86.0 99.0 79.0 44.0 31.0 
137.0 84.0 59.0 48.0 43.0 28.0 17.0 9.0 7.0 
309.0 377.0 488.0 1168.0 1545.0 1204.0 555.0 406.0 1248.0 
1.0 50.0 0.0 0.0 0.0 0.0 0.0 0.0 
9.0 5.0 5.0 3.0 1.0 2.0 0.0 0.0 0.0 0.0 
5.0 0.0 0.0 0.0 0.0 23.0 2.0 0.0 
4.0 0.0 0.0 1.0 4.0 0.0 1.0 0.0 0.0 0.0 
6.0 0.0 3.0 0.0 2.0 1.0 1.0 0.0 0.0 0.0 
2.0 0.0 0.0 0.0 0.0 0.0 1.0 0.0 0.0 
30.0 2.0 2.0 3.0 1.0 1.0 0.0 0.0 0.0 
1.0 1.0 0.0 0.0 0.0 0.0 0.0 0.0 0.0 0.0 
3.0 13.0 7.0 0.0 3.0 1.0 0.0 0.0 1.0 0.0 
7.0 5.0 1.0 2.0 0.0 3.0 2.0 3.0 0.0 2.0 
6.0 6.0 1.0 5.0 2.0 0.0 2.0 1.0 1.0 
14.0 9.0 7.0 1.0 5.0 2.0 2.0 3.0 
0.0 11.0 18.0 0.0 0.0 0.0 0.0 0.0 0.0 
668.0 713.0 643.0 427.0 712.0 762.0 854.0 1064.0 1406.0 
4.0 6.0 3.0 1.0 1.0 0.0 0.0 0.0 0.0 0.0 
5.0 5.0 4.0 1.0 3.0 4.0 1.0 1.0 1.0 
0.0 0.0 8.0 13.0 12.0 3.0 6.0 0.0 0.0 
15.0 4.0 1.0 3.0 4.0 4.0 1.0 2.0 
2.0 1.0 4.0 2.0 1.0 3.0 6.0 6.0 3.0 5.0 
21.0 14.0 20.0 6.0 16.0 13.0 14.0 5.0 7.0 
6.0 4.0 2.0 0.0 3.0 4.0 0.0 1.0 
3.0 16.0 11.0 4.0 5.0 3.0 1.0 4.0 1.0 2.0 
5.0 8.0 2.0 3.0 2.0 1.0 1.0 3.0 0.0 
2.0 5.0 2.0 1.0 0.0 0.0 0.0 0.0 1.0 1.0 
3.0 7.0 4.0 5.0 2.0 0.0 0.0 0.0 
2.0 2.0 2.0 8.0 5.0 1.0 2.0 5.0 
1.0 1.0 0.0 0.0 41.0 8.0 5.0 2.0 3.0 1.0 
1.0 0.0 0.0 0.0 13.0 2.0 0.0 0.0 0.0 0.0 
0.0 0.0 0.0 5.0 14.0 16.0 16.0 11.0 
0.0 2.0 0.0 0.0 0.0 0.0 0.0 0.0 0.0 0.0 
2.0 1.0 0.0 3.0 1.0 0.0 2.0 0.0 3.0 1.0 
4.0 5.0 6.0 4.0 3.0 1.0 2.0 0.0 0.0 
9.0 5.0 3.0 2.0 0.0 1.0 1.0 1.0 2.0 3.0 
2.0 1.0 1.0 2.0 1.0 0.0 3.0 1.0 0.0 1.0 
1.0 0.0 3.0 2.0 3.0 0.0 0.0 0.0 0.0 1.0 
3.0 0.0 2.0 0.0 3.0 3.0 4.0 4.0 
3.0 0.0 0.0 0.0 0.0 0.0 2.0 1.0 
4.0 3.0 3.0 4.0 6.0 0.0 0.0 0.0 0.0 
0.0 1.0 0.0 0.0 2.0 2.0 0.0 0.0 0.0 0.0 
10.0 6.0 8.0 1.0 2.0 1.0 0.0 0.0 2.0 1.0 
3.0 6.0 7.0 3.0 4.0 2.0 1.0 2.0 0.0 2.0 
1.0 10.0 7.0 0.0 0.0 0.0 0.0 0.0 
5.0 2.0 1.0 2.0 4.0 2.0 0.0 1.0 2.0 0.0 
4.0 2.0 2.0 0.0 0.0 1.0 0.0 0.0 
6.0 4.0 3.0 3.0 2.0 1.0 2.0 2.0 0.0 
0.0 2.0 0.0 0.0 0.0 1.0 0.0 0.0 0.0 0.0 
166.0 131.0 117.0 78.0 60.0 43.0 37.0 36.0 
4.0 2.0 5.0 4.0 5.0 4.0 3.0 7.0 6.0 5.0 
1.0 2.0 2.0 0.0 0.0 0.0 0.0 0.0 1.0 0.0 
4.0 0.0 2.0 1.0 2.0 2.0 3.0 0.0 
10.0 4.0 2.0 2.0 2.0 2.0 0.0 2.0 1.0 
7.0 4.0 1.0 3.0 2.0 0.0 0.0 0.0 0.0 0.0 
4.0 3.0 1.0 2.0 5.0 0.0 1.0 0.0 
1.0 15.0 0.0 1.0 0.0 0.0 0.0 0.0 0.0 
1.0 0.0 0.0 0.0 6.0 11.0 0.0 0.0 0.0 0.0 
1390.0 1087.0 692.0 529.0 373.0 355.0 364.0 253.0 297.0 1944.0 
4.0 2.0 0.0 0.0 1.0 0.0 0.0 0.0 0.0 0.0 
1.0 1.0 4.0 6.0 3.0 4.0 3.0 3.0 
1.0 9.0 1.0 3.0 3.0 3.0 1.0 1.0 4.0 
11.0 6.0 8.0 3.0 2.0 1.0 2.0 1.0 2.0 1.0 
8.0 1.0 3.0 4.0 2.0 0.0 1.0 0.0 1.0 
93.0 65.0 128.0 515.0 113.0 17.0 16.0 7.0 15.0 
5.0 5.0 0.0 4.0 3.0 2.0 1.0 3.0 2.0 2.0 
1.0 1.0 0.0 0.0 2.0 1.0 0.0 0.0 0.0 2.0 
3.0 1.0 2.0 0.0 0.0 0.0 1.0 1.0 
2.0 0.0 0.0 2.0 1.0 1.0 0.0 0.0 0.0 
3.0 0.0 1.0 2.0 1.0 3.0 5.0 6.0 
3.0 6.0 10.0 12.0 3.0 0.0 0.0 0.0 
1.0 8.0 9.0 1.0 4.0 0.0 0.0 1.0 
6.0 5.0 1.0 2.0 1.0 2.0 4.0 0.0 0.0 0.0 
1.0 14.0 4.0 3.0 1.0 5.0 0.0 3.0 0.0 1.0 
5.0 8.0 8.0 3.0 3.0 5.0 3.0 1.0 1.0 0.0 
4.0 4.0 1.0 1.0 3.0 2.0 2.0 0.0 1.0 0.0 
1.0 1.0 2.0 1.0 1.0 0.0 0.0 1.0 0.0 1.0 
1.0 0.0 0.0 2.0 2.0 0.0 1.0 1.0 0.0 
0.0 0.0 0.0 0.0 3.0 0.0 0.0 0.0 1.0 0.0 
4.0 5.0 7.0 7.0 1.0 3.0 1.0 1.0 
1.0 18.0 13.0 18.0 3.0 1.0 0.0 0.0 1.0 0.0 
5.0 6.0 4.0 1.0 1.0 1.0 2.0 3.0 
8.0 7.0 1.0 5.0 3.0 1.0 2.0 2.0 1.0 0.0 
28.0 33.0 12.0 14.0 13.0 10.0 7.0 12.0 
44.0 31.0 22.0 31.0 15.0 16.0 22.0 18.0 
0.0 0.0 10.0 40.0 0.0 0.0 0.0 0.0 0.0 
4.0 3.0 2.0 0.0 0.0 0.0 0.0 0.0 0.0 0.0 
9.0 5.0 5.0 2.0 3.0 2.0 1.0 1.0 3.0 
2.0 4.0 4.0 3.0 0.0 5.0 10.0 4.0 3.0 4.0 
2.0 1.0 1.0 1.0 18.0 11.0 4.0 3.0 0.0 
3.0 0.0 3.0 1.0 0.0 0.0 1.0 0.0 
8.0 3.0 3.0 5.0 0.0 6.0 0.0 1.0 
53.0 45.0 37.0 32.0 25.0 28.0 23.0 19.0 
1.0 1.0 0.0 2.0 1.0 3.0 0.0 0.0 0.0 0.0 
3.0 1.0 0.0 0.0 0.0 0.0 3.0 0.0 0.0 1.0 
4.0 1.0 4.0 5.0 3.0 0.0 0.0 0.0 0.0 0.0 
0.0 0.0 0.0 0.0 0.0 1.0 2.0 0.0 
2.0 0.0 0.0 2.0 0.0 0.0 0.0 0.0 0.0 
7.0 3.0 1.0 1.0 0.0 1.0 1.0 2.0 0.0 0.0 
6.0 3.0 5.0 0.0 3.0 0.0 1.0 1.0 0.0 1.0 
2.0 2.0 2.0 2.0 1.0 2.0 3.0 0.0 2.0 0.0 
2.0 2.0 1.0 0.0 0.0 1.0 0.0 0.0 1.0 
1.0 0.0 58.0 1.0 3.0 3.0 0.0 0.0 
0.0 1.0 0.0 0.0 0.0 0.0 0.0 0.0 
13.0 5.0 4.0 4.0 3.0 3.0 1.0 2.0 2.0 0.0 
4.0 3.0 2.0 3.0 4.0 1.0 4.0 1.0 5.0 
4.0 6.0 5.0 5.0 1.0 1.0 0.0 0.0 0.0 
48.0 92.0 117.0 121.0 98.0 75.0 219.0 340.0 282.0 
0.0 1.0 2.0 1.0 1.0 1.0 0.0 0.0 3.0 0.0 
1.0 0.0 0.0 0.0 4.0 10.0 0.0 2.0 
0.0 0.0 1.0 3.0 2.0 0.0 0.0 0.0 0.0 0.0 
6.0 3.0 3.0 1.0 3.0 1.0 0.0 1.0 
8.0 6.0 2.0 2.0 1.0 3.0 2.0 2.0 2.0 0.0 
10.0 5.0 3.0 2.0 5.0 1.0 1.0 1.0 3.0 1.0 
3.0 5.0 1.0 2.0 1.0 2.0 1.0 2.0 
5.0 4.0 5.0 0.0 2.0 4.0 0.0 0.0 
2.0 0.0 2.0 0.0 0.0 0.0 3.0 0.0 1.0 
9.0 4.0 6.0 7.0 2.0 8.0 4.0 2.0 2.0 2.0 
2.0 1.0 2.0 0.0 1.0 0.0 1.0 0.0 1.0 0.0 
496.0 557.0 45.0 54.0 46.0 46.0 45.0 46.0 34.0 41.0 
10.0 3.0 2.0 2.0 4.0 0.0 1.0 0.0 3.0 
3.0 0.0 2.0 10.0 3.0 3.0 1.0 2.0 
7.0 4.0 2.0 1.0 0.0 2.0 1.0 0.0 1.0 1.0 
0.0 0.0 0.0 1.0 0.0 3.0 2.0 3.0 3.0 2.0 
1.0 3.0 14.0 6.0 4.0 1.0 5.0 0.0 0.0 
4.0 2.0 3.0 2.0 1.0 0.0 0.0 0.0 
3.0 1.0 4.0 3.0 1.0 1.0 2.0 3.0 
3.0 0.0 0.0 3.0 4.0 2.0 0.0 1.0 
0.0 0.0 12.0 2.0 3.0 1.0 0.0 4.0 7.0 7.0 
11.0 3.0 3.0 6.0 1.0 5.0 1.0 0.0 2.0 
2.0 0.0 0.0 1.0 2.0 1.0 2.0 1.0 3.0 4.0 
6.0 3.0 0.0 1.0 1.0 2.0 1.0 1.0 1.0 
7.0 5.0 0.0 2.0 3.0 2.0 4.0 1.0 1.0 1.0 
4.0 2.0 6.0 1.0 0.0 2.0 2.0 2.0 
2.0 4.0 2.0 1.0 1.0 3.0 0.0 5.0 
5.0 0.0 21.0 2.0 5.0 1.0 0.0 2.0 2.0 0.0 
0.0 0.0 0.0 1.0 43.0 77.0 0.0 0.0 
4.0 2.0 2.0 1.0 1.0 0.0 0.0 0.0 1.0 0.0 
11.0 3.0 3.0 5.0 2.0 1.0 0.0 0.0 1.0 0.0 
4.0 2.0 1.0 2.0 0.0 0.0 0.0 0.0 
418.0 370.0 176.0 216.0 92.0 0.0 0.0 0.0 0.0 
4.0 3.0 3.0 3.0 1.0 2.0 1.0 2.0 
1.0 0.0 2.0 2.0 2.0 0.0 0.0 1.0 1.0 
9.0 2.0 2.0 3.0 4.0 0.0 0.0 0.0 0.0 2.0 
12.0 2.0 2.0 6.0 0.0 0.0 3.0 3.0 0.0 
1.0 0.0 1.0 3.0 9.0 2.0 0.0 1.0 
1.0 0.0 0.0 2.0 1.0 1.0 1.0 0.0 0.0 1.0 
6.0 2.0 3.0 0.0 0.0 0.0 0.0 0.0 0.0 0.0 
8.0 1.0 0.0 0.0 3.0 0.0 0.0 0.0 
66.0 48.0 36.0 40.0 33.0 22.0 27.0 25.0 31.0 30.0 
3.0 5.0 1.0 1.0 5.0 2.0 4.0 4.0 6.0 
1423.0 1645.0 1177.0 660.0 506.0 296.0 306.0 192.0 
3.0 0.0 4.0 2.0 0.0 0.0 0.0 0.0 0.0 0.0 
12.0 6.0 0.0 0.0 0.0 0.0 0.0 0.0 0.0 
2.0 1.0 0.0 2.0 0.0 0.0 2.0 0.0 1.0 1.0 
10.0 4.0 2.0 2.0 0.0 1.0 1.0 0.0 
10.0 5.0 6.0 7.0 2.0 4.0 0.0 0.0 1.0 0.0 
4.0 3.0 4.0 3.0 2.0 4.0 2.0 2.0 0.0 0.0 
2.0 2.0 1.0 1.0 2.0 0.0 0.0 2.0 3.0 
2.0 0.0 1.0 0.0 2.0 1.0 2.0 0.0 0.0 0.0 
16.0 3.0 3.0 3.0 0.0 2.0 0.0 0.0 1.0 
2.0 1.0 1.0 0.0 0.0 0.0 0.0 0.0 0.0 1.0 
0.0 0.0 1.0 10.0 7.0 8.0 9.0 2.0 4.0 2.0 
5.0 1.0 0.0 1.0 0.0 0.0 2.0 0.0 0.0 
4.0 4.0 5.0 4.0 12.0 9.0 5.0 11.0 
0.0 0.0 2.0 2.0 2.0 3.0 3.0 2.0 2.0 1.0 
11.0 9.0 8.0 2.0 1.0 2.0 1.0 0.0 0.0 0.0 
2.0 1.0 0.0 2.0 0.0 1.0 1.0 1.0 0.0 0.0 
4.0 1.0 3.0 1.0 2.0 0.0 1.0 0.0 1.0 
190.0 135.0 85.0 87.0 69.0 71.0 77.0 89.0 110.0 107.0 
5.0 3.0 0.0 3.0 1.0 1.0 1.0 1.0 
13.0 9.0 0.0 0.0 0.0 0.0 0.0 0.0 0.0 
2.0 2.0 4.0 1.0 0.0 0.0 0.0 0.0 1.0 
1.0 0.0 1.0 3.0 0.0 0.0 1.0 0.0 1.0 
0.0 0.0 0.0 24.0 13.0 5.0 6.0 1.0 2.0 
12.0 6.0 3.0 3.0 2.0 0.0 2.0 0.0 1.0 0.0 
1.0 2.0 0.0 13.0 1.0 3.0 5.0 2.0 1.0 
1.0 0.0 0.0 0.0 0.0 0.0 0.0 0.0 0.0 2.0 
12.0 11.0 3.0 2.0 3.0 1.0 2.0 0.0 0.0 
3.0 1.0 1.0 0.0 0.0 0.0 0.0 1.0 0.0 
6.0 2.0 1.0 2.0 1.0 1.0 1.0 2.0 1.0 1.0 
5.0 0.0 1.0 2.0 3.0 1.0 1.0 1.0 
21.0 53.0 60.0 37.0 35.0 10.0 13.0 3.0 
13.0 6.0 6.0 0.0 0.0 5.0 1.0 1.0 1.0 0.0 
9.0 4.0 3.0 1.0 4.0 3.0 1.0 0.0 0.0 1.0 
3.0 0.0 2.0 0.0 0.0 0.0 2.0 3.0 2.0 3.0 
7.0 4.0 3.0 1.0 3.0 1.0 1.0 3.0 3.0 
1.0 0.0 50.0 0.0 0.0 0.0 0.0 0.0 0.0 0.0 
3.0 7.0 2.0 1.0 0.0 1.0 1.0 1.0 0.0 0.0 
2.0 0.0 0.0 4.0 4.0 2.0 3.0 0.0 
3.0 4.0 3.0 0.0 1.0 0.0 0.0 0.0 0.0 1.0 
1.0 0.0 0.0 9.0 12.0 10.0 4.0 4.0 1.0 
7.0 4.0 2.0 2.0 1.0 0.0 0.0 2.0 1.0 
0.0 3.0 3.0 4.0 1.0 4.0 0.0 2.0 
2.0 6.0 1.0 4.0 2.0 1.0 1.0 1.0 
0.0 0.0 0.0 0.0 16.0 10.0 10.0 1.0 1.0 
2.0 3.0 0.0 0.0 0.0 0.0 0.0 1.0 0.0 
3.0 3.0 2.0 3.0 3.0 2.0 3.0 3.0 
18.0 7.0 0.0 4.0 2.0 0.0 5.0 4.0 3.0 
2.0 1.0 1.0 2.0 2.0 1.0 0.0 0.0 0.0 0.0 
7.0 2.0 4.0 1.0 0.0 1.0 0.0 0.0 
6.0 4.0 3.0 1.0 2.0 2.0 1.0 1.0 3.0 2.0 
4.0 2.0 2.0 0.0 2.0 0.0 2.0 2.0 3.0 0.0 
1.0 3.0 3.0 3.0 2.0 2.0 2.0 1.0 
4.0 1.0 5.0 4.0 3.0 0.0 1.0 1.0 
7.0 5.0 5.0 3.0 2.0 3.0 1.0 2.0 0.0 3.0 
7.0 17.0 8.0 5.0 4.0 0.0 0.0 0.0 0.0 0.0 
1.0 2.0 1.0 0.0 1.0 0.0 1.0 4.0 6.0 0.0 
8.0 7.0 2.0 0.0 1.0 1.0 1.0 0.0 
2.0 7.0 1.0 2.0 4.0 0.0 4.0 0.0 
2.0 0.0 0.0 2.0 1.0 0.0 1.0 0.0 0.0 0.0 
154.0 81.0 39.0 24.0 15.0 15.0 43.0 28.0 29.0 18.0 
4.0 2.0 0.0 0.0 2.0 0.0 0.0 0.0 
5.0 7.0 6.0 2.0 2.0 2.0 3.0 1.0 
2.0 2.0 2.0 2.0 3.0 1.0 0.0 2.0 
0.0 1.0 1.0 0.0 2.0 4.0 0.0 0.0 0.0 0.0 
0.0 0.0 0.0 2.0 1.0 0.0 1.0 0.0 0.0 0.0 
3.0 3.0 2.0 0.0 2.0 0.0 0.0 1.0 0.0 
0.0 0.0 1.0 0.0 1.0 1.0 2.0 0.0 0.0 
1.0 0.0 2.0 13.0 8.0 3.0 2.0 0.0 
14.0 5.0 2.0 3.0 1.0 1.0 4.0 0.0 
3.0 3.0 2.0 2.0 3.0 1.0 2.0 2.0 1.0 0.0 
1.0 2.0 1.0 5.0 10.0 7.0 3.0 11.0 
3.0 3.0 3.0 3.0 5.0 0.0 0.0 1.0 
1.0 4.0 2.0 0.0 3.0 0.0 0.0 1.0 
4.0 7.0 10.0 3.0 1.0 1.0 3.0 0.0 
13.0 0.0 0.0 1.0 0.0 2.0 18.0 14.0 
9.0 1.0 5.0 0.0 2.0 2.0 1.0 1.0 
1.0 0.0 2.0 0.0 1.0 0.0 0.0 0.0 0.0 
5.0 2.0 3.0 3.0 2.0 3.0 0.0 1.0 
3.0 0.0 6.0 3.0 8.0 0.0 2.0 2.0 1.0 0.0 
221.0 165.0 124.0 91.0 68.0 42.0 76.0 116.0 90.0 61.0 
4.0 4.0 2.0 9.0 3.0 5.0 4.0 1.0 
177.0 227.0 185.0 104.0 87.0 52.0 37.0 36.0 30.0 
0.0 1.0 12.0 15.0 14.0 4.0 0.0 0.0 
3.0 0.0 2.0 5.0 6.0 5.0 3.0 1.0 3.0 3.0 
1.0 2.0 2.0 0.0 0.0 1.0 1.0 0.0 0.0 0.0 
206.0 172.0 118.0 68.0 29.0 28.0 37.0 45.0 35.0 
127.0 266.0 305.0 286.0 240.0 183.0 126.0 94.0 98.0 128.0 
6.0 3.0 3.0 0.0 2.0 2.0 0.0 0.0 0.0 0.0 
2.0 7.0 1.0 4.0 1.0 2.0 0.0 0.0 2.0 0.0 
4.0 9.0 2.0 3.0 7.0 3.0 3.0 1.0 
4.0 2.0 2.0 2.0 0.0 0.0 0.0 1.0 0.0 1.0 
6.0 11.0 2.0 1.0 4.0 3.0 1.0 1.0 1.0 1.0 
1.0 0.0 0.0 0.0 0.0 18.0 4.0 0.0 0.0 
2.0 3.0 3.0 0.0 0.0 0.0 0.0 0.0 
2.0 0.0 0.0 0.0 8.0 4.0 4.0 1.0 
3.0 1.0 4.0 3.0 1.0 1.0 1.0 1.0 0.0 0.0 
10.0 2.0 2.0 5.0 3.0 0.0 0.0 0.0 0.0 0.0 
20.0 2.0 1.0 0.0 0.0 0.0 0.0 0.0 0.0 0.0 
0.0 50.0 0.0 0.0 0.0 0.0 0.0 0.0 0.0 
2.0 1.0 1.0 1.0 1.0 1.0 0.0 0.0 0.0 2.0 
7.0 6.0 3.0 3.0 2.0 2.0 3.0 0.0 0.0 1.0 
6.0 2.0 7.0 1.0 0.0 0.0 2.0 0.0 1.0 1.0 
9.0 3.0 2.0 3.0 1.0 1.0 2.0 0.0 0.0 0.0 
0.0 0.0 5.0 12.0 13.0 18.0 4.0 0.0 0.0 0.0 
0.0 0.0 0.0 1.0 4.0 3.0 0.0 1.0 0.0 
7.0 5.0 7.0 11.0 2.0 2.0 0.0 1.0 0.0 
3.0 2.0 1.0 3.0 3.0 1.0 1.0 0.0 0.0 0.0 
4.0 14.0 10.0 4.0 5.0 0.0 1.0 0.0 0.0 0.0 
4.0 8.0 9.0 0.0 1.0 4.0 1.0 0.0 
0.0 0.0 1.0 0.0 3.0 2.0 0.0 0.0 0.0 0.0 
13.0 7.0 3.0 9.0 4.0 5.0 1.0 1.0 1.0 0.0 
2.0 0.0 5.0 11.0 7.0 7.0 6.0 2.0 0.0 
3.0 4.0 1.0 3.0 0.0 0.0 2.0 0.0 2.0 1.0 
10.0 1.0 1.0 2.0 3.0 0.0 0.0 1.0 2.0 0.0 
9.0 7.0 5.0 4.0 3.0 5.0 3.0 5.0 2.0 
2.0 6.0 5.0 3.0 7.0 5.0 3.0 1.0 2.0 4.0 
0.0 74.0 0.0 0.0 3.0 7.0 6.0 1.0 0.0 
4.0 3.0 4.0 2.0 1.0 1.0 1.0 2.0 2.0 
7.0 0.0 0.0 0.0 0.0 0.0 0.0 0.0 0.0 0.0 
3.0 8.0 2.0 1.0 0.0 3.0 3.0 1.0 
101.0 79.0 33.0 29.0 28.0 24.0 22.0 22.0 22.0 8.0 
0.0 1.0 4.0 0.0 2.0 0.0 1.0 1.0 0.0 0.0 
1.0 0.0 0.0 0.0 0.0 0.0 0.0 0.0 0.0 0.0 
8.0 12.0 17.0 0.0 0.0 0.0 0.0 0.0 
6.0 4.0 0.0 2.0 2.0 3.0 1.0 0.0 2.0 1.0 
2.0 1.0 0.0 0.0 0.0 1.0 2.0 2.0 1.0 1.0 
3.0 4.0 5.0 2.0 4.0 5.0 0.0 0.0 
1.0 0.0 0.0 0.0 2.0 0.0 0.0 0.0 0.0 0.0 
3.0 1.0 0.0 1.0 1.0 0.0 1.0 0.0 
3.0 6.0 4.0 1.0 2.0 0.0 0.0 0.0 1.0 0.0 
2822.0 1912.0 1194.0 950.0 654.0 488.0 393.0 343.0 310.0 212.0 
1.0 0.0 0.0 1.0 0.0 1.0 0.0 0.0 1.0 
6.0 4.0 2.0 1.0 0.0 1.0 0.0 1.0 
5.0 5.0 2.0 2.0 0.0 1.0 2.0 1.0 0.0 
1.0 10.0 8.0 6.0 2.0 0.0 1.0 1.0 0.0 
10.0 6.0 6.0 1.0 4.0 0.0 2.0 2.0 5.0 1.0 
1.0 1.0 1.0 0.0 1.0 0.0 0.0 0.0 0.0 0.0 
0.0 4.0 2.0 1.0 2.0 0.0 2.0 2.0 3.0 
0.0 1.0 12.0 0.0 15.0 0.0 9.0 2.0 
18.0 3.0 6.0 1.0 5.0 0.0 0.0 0.0 
5.0 2.0 2.0 2.0 2.0 3.0 5.0 2.0 
7.0 1.0 2.0 1.0 1.0 0.0 0.0 0.0 1.0 
2.0 1.0 19.0 4.0 2.0 6.0 3.0 0.0 
7.0 8.0 0.0 1.0 1.0 0.0 0.0 0.0 
1.0 41.0 0.0 0.0 0.0 0.0 0.0 0.0 0.0 0.0 
0.0 0.0 12.0 9.0 11.0 0.0 0.0 0.0 0.0 
6.0 4.0 2.0 0.0 0.0 0.0 2.0 0.0 0.0 0.0 
1.0 8.0 3.0 2.0 7.0 4.0 0.0 1.0 
5.0 12.0 4.0 7.0 1.0 6.0 5.0 3.0 1.0 0.0 
13.0 5.0 2.0 1.0 3.0 1.0 2.0 1.0 0.0 0.0 
6.0 7.0 2.0 3.0 4.0 2.0 1.0 0.0 1.0 1.0 
3.0 5.0 2.0 1.0 2.0 0.0 0.0 0.0 1.0 
2.0 2.0 0.0 0.0 0.0 0.0 0.0 0.0 1.0 0.0 
14.0 3.0 3.0 1.0 1.0 2.0 1.0 1.0 
2.0 0.0 0.0 0.0 13.0 16.0 7.0 6.0 1.0 0.0 
1.0 11.0 0.0 28.0 4.0 0.0 0.0 0.0 0.0 1.0 
0.0 1.0 0.0 0.0 0.0 0.0 0.0 1.0 1.0 
5.0 4.0 1.0 2.0 2.0 2.0 2.0 1.0 1.0 1.0 
3.0 2.0 2.0 2.0 4.0 0.0 1.0 0.0 
6.0 4.0 5.0 3.0 1.0 2.0 0.0 1.0 1.0 
0.0 0.0 0.0 20.0 17.0 14.0 4.0 1.0 
12.0 4.0 2.0 1.0 1.0 0.0 0.0 0.0 0.0 
37.0 21.0 5.0 5.0 3.0 16.0 17.0 26.0 28.0 41.0 
6.0 11.0 4.0 5.0 1.0 3.0 3.0 1.0 1.0 3.0 
8.0 14.0 4.0 5.0 2.0 3.0 1.0 3.0 2.0 0.0 
1.0 1.0 2.0 1.0 3.0 5.0 2.0 1.0 
3.0 2.0 4.0 4.0 4.0 0.0 0.0 0.0 0.0 
8.0 3.0 3.0 0.0 1.0 0.0 0.0 0.0 
0.0 1.0 3.0 1.0 2.0 2.0 1.0 2.0 2.0 1.0 
7.0 1.0 3.0 2.0 2.0 2.0 4.0 5.0 0.0 1.0 
4.0 1.0 0.0 0.0 0.0 1.0 1.0 1.0 
0.0 0.0 3.0 12.0 19.0 6.0 1.0 3.0 
16.0 6.0 1.0 3.0 3.0 1.0 2.0 4.0 
1.0 0.0 0.0 0.0 0.0 1.0 2.0 0.0 0.0 0.0 
4.0 3.0 1.0 2.0 4.0 1.0 0.0 2.0 3.0 
15.0 8.0 7.0 5.0 0.0 4.0 4.0 0.0 3.0 
0.0 0.0 0.0 24.0 31.0 13.0 0.0 0.0 0.0 
3.0 0.0 2.0 3.0 1.0 2.0 4.0 3.0 3.0 
1.0 0.0 0.0 0.0 0.0 0.0 0.0 26.0 0.0 0.0 
9.0 1.0 13.0 7.0 0.0 0.0 0.0 1.0 0.0 
5.0 6.0 0.0 2.0 1.0 1.0 1.0 2.0 
4.0 3.0 6.0 3.0 1.0 2.0 3.0 0.0 0.0 0.0 
2.0 0.0 16.0 4.0 4.0 1.0 0.0 1.0 1.0 
244.0 183.0 79.0 60.0 54.0 46.0 43.0 36.0 36.0 33.0 
211.0 135.0 100.0 60.0 62.0 41.0 35.0 50.0 23.0 
0.0 0.0 0.0 0.0 0.0 6.0 17.0 11.0 
12.0 3.0 3.0 0.0 0.0 2.0 9.0 3.0 8.0 3.0 
10.0 10.0 3.0 4.0 3.0 1.0 0.0 6.0 1.0 2.0 
0.0 50.0 0.0 0.0 0.0 0.0 0.0 0.0 
0.0 1.0 6.0 5.0 5.0 1.0 0.0 0.0 
4.0 3.0 1.0 3.0 0.0 3.0 2.0 2.0 
3.0 1.0 0.0 2.0 0.0 0.0 11.0 7.0 1.0 0.0 
0.0 2.0 0.0 8.0 4.0 1.0 0.0 0.0 0.0 1.0 
6.0 6.0 3.0 1.0 0.0 1.0 0.0 1.0 
2.0 0.0 13.0 11.0 0.0 0.0 0.0 0.0 
26.0 18.0 10.0 4.0 86.0 90.0 58.0 41.0 33.0 
0.0 0.0 0.0 0.0 0.0 62.0 0.0 0.0 
7.0 4.0 1.0 1.0 1.0 2.0 2.0 1.0 
28.0 120.0 560.0 713.0 345.0 4.0 1.0 4.0 
2.0 2.0 1.0 0.0 0.0 0.0 2.0 5.0 
1.0 0.0 4.0 23.0 18.0 7.0 0.0 0.0 0.0 
7.0 2.0 2.0 0.0 0.0 2.0 0.0 1.0 0.0 1.0 
2.0 1.0 0.0 0.0 0.0 3.0 3.0 0.0 0.0 0.0 
7.0 3.0 3.0 1.0 2.0 4.0 1.0 0.0 
63.0 44.0 51.0 59.0 33.0 67.0 47.0 43.0 45.0 57.0 
0.0 9.0 2.0 3.0 1.0 3.0 2.0 0.0 2.0 
6.0 2.0 2.0 3.0 0.0 0.0 0.0 4.0 0.0 0.0 
59.0 42.0 44.0 16.0 9.0 37.0 41.0 27.0 20.0 21.0 
0.0 0.0 0.0 212.0 0.0 19.0 6.0 0.0 
6.0 6.0 6.0 6.0 0.0 0.0 0.0 0.0 
2.0 0.0 2.0 3.0 2.0 2.0 2.0 1.0 
1.0 0.0 0.0 0.0 0.0 1.0 0.0 1.0 0.0 
2.0 2.0 2.0 0.0 1.0 1.0 1.0 1.0 
7.0 2.0 0.0 0.0 0.0 2.0 1.0 3.0 
3.0 0.0 1.0 4.0 1.0 0.0 0.0 1.0 0.0 1.0 
1.0 5.0 4.0 3.0 1.0 1.0 0.0 0.0 
0.0 0.0 1.0 2.0 4.0 1.0 1.0 1.0 0.0 1.0 
2.0 0.0 3.0 0.0 3.0 0.0 0.0 0.0 0.0 
2.0 3.0 3.0 5.0 3.0 0.0 0.0 0.0 1.0 
6.0 0.0 3.0 0.0 5.0 3.0 1.0 0.0 1.0 1.0 
870.0 498.0 321.0 220.0 149.0 139.0 150.0 158.0 148.0 151.0 
0.0 3.0 0.0 0.0 0.0 0.0 0.0 0.0 0.0 0.0 
17.0 7.0 0.0 0.0 0.0 0.0 0.0 0.0 
3.0 1.0 0.0 5.0 1.0 1.0 2.0 0.0 0.0 1.0 
4.0 3.0 4.0 2.0 3.0 2.0 1.0 0.0 
1689.0 1130.0 877.0 785.0 683.0 853.0 705.0 800.0 363.0 187.0 
5.0 1.0 3.0 0.0 3.0 4.0 1.0 9.0 3.0 4.0 
6.0 2.0 5.0 3.0 0.0 4.0 1.0 3.0 1.0 3.0 
1.0 3.0 0.0 2.0 2.0 0.0 1.0 2.0 1.0 
3.0 10.0 8.0 5.0 1.0 1.0 2.0 4.0 
1.0 3.0 3.0 2.0 3.0 0.0 0.0 0.0 1.0 
17.0 6.0 7.0 0.0 0.0 1.0 0.0 0.0 0.0 
3.0 1.0 0.0 2.0 1.0 0.0 0.0 1.0 2.0 0.0 
11.0 8.0 5.0 2.0 1.0 1.0 3.0 2.0 2.0 
4.0 4.0 4.0 1.0 3.0 2.0 1.0 0.0 0.0 
7.0 5.0 4.0 4.0 3.0 0.0 1.0 2.0 0.0 0.0 
0.0 0.0 0.0 3.0 1.0 5.0 3.0 4.0 
1.0 0.0 0.0 0.0 0.0 0.0 0.0 0.0 1.0 0.0 
17.0 9.0 5.0 1.0 1.0 1.0 3.0 3.0 0.0 0.0 
0.0 81.0 2.0 0.0 0.0 1.0 0.0 0.0 0.0 
30.0 4.0 0.0 0.0 0.0 0.0 0.0 0.0 0.0 0.0 
7.0 3.0 1.0 2.0 0.0 1.0 5.0 1.0 0.0 3.0 
7.0 6.0 0.0 2.0 5.0 1.0 0.0 2.0 0.0 
6.0 5.0 6.0 1.0 1.0 3.0 0.0 0.0 1.0 3.0 
3.0 2.0 2.0 1.0 0.0 3.0 2.0 0.0 2.0 
0.0 0.0 0.0 0.0 0.0 9.0 16.0 20.0 
0.0 1.0 19.0 15.0 0.0 0.0 0.0 0.0 
8.0 5.0 4.0 0.0 1.0 0.0 3.0 2.0 3.0 2.0 
8.0 8.0 7.0 1.0 0.0 2.0 2.0 0.0 1.0 1.0 
1310.0 1023.0 693.0 546.0 443.0 444.0 347.0 512.0 395.0 
2.0 2.0 2.0 1.0 1.0 5.0 0.0 0.0 
2.0 1.0 1.0 0.0 0.0 0.0 0.0 0.0 0.0 
4.0 0.0 1.0 10.0 7.0 2.0 0.0 0.0 0.0 
5.0 1.0 1.0 2.0 6.0 4.0 5.0 3.0 0.0 2.0 
4.0 8.0 10.0 0.0 2.0 1.0 0.0 0.0 
1.0 0.0 1.0 1.0 1.0 1.0 4.0 0.0 1.0 1.0 
5.0 3.0 0.0 2.0 2.0 4.0 2.0 0.0 
6.0 0.0 1.0 0.0 0.0 2.0 1.0 0.0 0.0 0.0 
3.0 3.0 3.0 3.0 2.0 0.0 2.0 1.0 
4.0 1.0 0.0 0.0 1.0 0.0 0.0 0.0 
5.0 3.0 4.0 1.0 2.0 1.0 1.0 4.0 0.0 
17.0 0.0 0.0 0.0 0.0 0.0 0.0 0.0 
860.0 707.0 492.0 471.0 536.0 695.0 648.0 577.0 610.0 614.0 
0.0 3.0 10.0 3.0 0.0 2.0 0.0 2.0 7.0 
0.0 1.0 6.0 4.0 5.0 0.0 0.0 0.0 0.0 0.0 
4.0 4.0 2.0 1.0 4.0 2.0 7.0 2.0 
2.0 1.0 0.0 0.0 1.0 1.0 1.0 0.0 0.0 1.0 
7.0 5.0 1.0 2.0 3.0 0.0 2.0 0.0 0.0 
8.0 4.0 7.0 2.0 2.0 2.0 4.0 1.0 1.0 0.0 
3.0 6.0 2.0 0.0 2.0 1.0 1.0 1.0 
0.0 2.0 14.0 14.0 13.0 4.0 0.0 0.0 0.0 
6.0 1.0 6.0 5.0 2.0 3.0 2.0 0.0 1.0 0.0 
56.0 35.0 19.0 26.0 34.0 28.0 22.0 19.0 18.0 
4.0 4.0 5.0 1.0 0.0 2.0 1.0 2.0 1.0 7.0 
8.0 7.0 1.0 5.0 0.0 1.0 0.0 1.0 0.0 0.0 
2.0 0.0 1.0 0.0 0.0 0.0 0.0 0.0 8.0 
4.0 6.0 5.0 5.0 2.0 0.0 1.0 2.0 
0.0 3.0 0.0 2.0 0.0 1.0 0.0 0.0 0.0 0.0 
6.0 6.0 2.0 4.0 3.0 1.0 2.0 0.0 
6.0 3.0 1.0 0.0 2.0 3.0 3.0 2.0 0.0 1.0 
6.0 1.0 0.0 3.0 1.0 1.0 0.0 0.0 
4.0 1.0 4.0 8.0 2.0 0.0 3.0 1.0 
4.0 4.0 3.0 2.0 3.0 3.0 3.0 1.0 
1.0 4.0 6.0 4.0 9.0 0.0 1.0 0.0 
14.0 4.0 3.0 4.0 4.0 0.0 0.0 1.0 1.0 1.0 
6.0 4.0 4.0 2.0 1.0 1.0 0.0 0.0 1.0 2.0 
3.0 6.0 6.0 2.0 3.0 6.0 5.0 2.0 
1.0 1.0 15.0 0.0 0.0 0.0 0.0 0.0 1.0 0.0 
510.0 475.0 556.0 898.0 464.0 292.0 497.0 436.0 266.0 186.0 
9.0 7.0 8.0 0.0 1.0 1.0 2.0 0.0 
9.0 5.0 0.0 2.0 7.0 4.0 2.0 0.0 1.0 
3.0 6.0 3.0 6.0 4.0 0.0 3.0 2.0 1.0 1.0 
1.0 7.0 0.0 2.0 0.0 2.0 0.0 1.0 0.0 
8.0 3.0 2.0 2.0 0.0 0.0 1.0 0.0 0.0 0.0 
15.0 3.0 3.0 2.0 2.0 1.0 1.0 0.0 4.0 0.0 
4.0 0.0 3.0 5.0 1.0 3.0 1.0 1.0 3.0 
2.0 0.0 1.0 2.0 3.0 0.0 0.0 2.0 0.0 
1.0 0.0 2.0 4.0 0.0 3.0 3.0 3.0 
4.0 2.0 3.0 2.0 2.0 0.0 1.0 0.0 0.0 1.0 
1.0 6.0 12.0 1.0 8.0 2.0 2.0 2.0 
36.0 7.0 5.0 0.0 1.0 1.0 0.0 0.0 0.0 0.0 
1.0 0.0 0.0 0.0 1.0 3.0 1.0 1.0 
0.0 1.0 1.0 1.0 1.0 1.0 0.0 2.0 
3.0 2.0 2.0 0.0 0.0 1.0 0.0 1.0 1.0 1.0 
18.0 8.0 1.0 2.0 1.0 0.0 2.0 0.0 0.0 
9.0 4.0 3.0 1.0 3.0 2.0 0.0 2.0 
0.0 0.0 1.0 0.0 0.0 1.0 0.0 1.0 0.0 
2.0 4.0 1.0 1.0 0.0 2.0 3.0 0.0 
5.0 3.0 1.0 2.0 0.0 4.0 3.0 3.0 2.0 
2.0 2.0 2.0 2.0 1.0 3.0 0.0 4.0 2.0 
14.0 4.0 1.0 3.0 0.0 3.0 1.0 1.0 0.0 2.0 
8.0 10.0 7.0 4.0 3.0 2.0 1.0 2.0 0.0 0.0 
1.0 1.0 1.0 1.0 0.0 0.0 0.0 0.0 1.0 1.0 
3.0 3.0 2.0 2.0 0.0 1.0 2.0 2.0 
2.0 1.0 0.0 1.0 1.0 0.0 0.0 0.0 0.0 0.0 
7.0 6.0 2.0 5.0 1.0 2.0 0.0 0.0 0.0 2.0 
3.0 2.0 5.0 4.0 1.0 1.0 1.0 3.0 1.0 0.0 
5.0 1.0 5.0 0.0 0.0 0.0 1.0 0.0 0.0 0.0 
0.0 0.0 2.0 2.0 2.0 3.0 2.0 0.0 3.0 1.0 
3.0 2.0 0.0 1.0 1.0 3.0 1.0 1.0 
1.0 0.0 0.0 0.0 0.0 43.0 7.0 0.0 0.0 
5.0 0.0 3.0 1.0 0.0 0.0 0.0 0.0 0.0 
10.0 4.0 4.0 4.0 1.0 1.0 2.0 1.0 0.0 1.0 
10.0 3.0 1.0 0.0 1.0 1.0 0.0 1.0 0.0 0.0 
6.0 1.0 0.0 3.0 2.0 3.0 1.0 0.0 0.0 0.0 
1.0 2.0 2.0 2.0 2.0 4.0 4.0 7.0 5.0 5.0 
5.0 0.0 3.0 1.0 1.0 0.0 2.0 0.0 0.0 
1.0 1.0 0.0 2.0 1.0 26.0 6.0 5.0 
3.0 5.0 2.0 0.0 4.0 1.0 0.0 0.0 
7.0 2.0 3.0 3.0 0.0 0.0 2.0 2.0 
8.0 7.0 5.0 4.0 3.0 0.0 2.0 1.0 
2.0 1.0 1.0 0.0 5.0 5.0 1.0 0.0 1.0 
1.0 1.0 1.0 0.0 3.0 3.0 2.0 0.0 2.0 
6.0 6.0 0.0 0.0 0.0 0.0 0.0 0.0 0.0 0.0 
6.0 2.0 6.0 5.0 4.0 1.0 0.0 0.0 0.0 
1.0 0.0 41.0 9.0 0.0 0.0 0.0 0.0 
8.0 1.0 0.0 3.0 2.0 1.0 1.0 1.0 2.0 1.0 
2.0 5.0 1.0 3.0 3.0 7.0 3.0 2.0 
1.0 0.0 0.0 0.0 0.0 0.0 11.0 30.0 1.0 0.0 
3.0 6.0 0.0 2.0 2.0 2.0 1.0 0.0 
0.0 0.0 0.0 0.0 0.0 0.0 0.0 39.0 
0.0 10.0 7.0 5.0 1.0 2.0 0.0 1.0 
5.0 3.0 1.0 0.0 0.0 2.0 0.0 1.0 2.0 
7.0 3.0 3.0 2.0 1.0 1.0 1.0 0.0 0.0 1.0 
2.0 0.0 18.0 11.0 6.0 3.0 3.0 1.0 1.0 1.0 
0.0 0.0 0.0 3.0 1.0 3.0 1.0 0.0 
1.0 0.0 0.0 2.0 0.0 0.0 0.0 0.0 1.0 1.0 
1.0 1.0 0.0 4.0 2.0 2.0 2.0 1.0 0.0 1.0 
183.0 213.0 273.0 269.0 160.0 145.0 151.0 157.0 
1.0 2.0 2.0 5.0 1.0 3.0 1.0 7.0 
6.0 6.0 5.0 1.0 0.0 2.0 2.0 1.0 
11.0 3.0 3.0 2.0 2.0 7.0 1.0 2.0 2.0 
0.0 15.0 0.0 0.0 0.0 0.0 0.0 0.0 0.0 
1.0 6.0 11.0 17.0 12.0 0.0 0.0 0.0 0.0 
1.0 0.0 1.0 0.0 0.0 3.0 0.0 1.0 0.0 0.0 
5.0 9.0 6.0 8.0 8.0 3.0 8.0 0.0 0.0 0.0 
5.0 5.0 1.0 2.0 3.0 0.0 0.0 0.0 1.0 3.0 
5.0 3.0 16.0 17.0 0.0 0.0 0.0 1.0 2.0 
4.0 2.0 0.0 0.0 1.0 4.0 0.0 0.0 
10.0 9.0 5.0 6.0 4.0 2.0 0.0 2.0 
1.0 50.0 0.0 0.0 0.0 0.0 0.0 0.0 0.0 0.0 
1.0 0.0 0.0 0.0 0.0 0.0 1.0 0.0 0.0 
0.0 35.0 15.0 0.0 0.0 0.0 0.0 0.0 0.0 0.0 
1.0 0.0 0.0 0.0 0.0 1.0 0.0 0.0 2.0 0.0 
8.0 3.0 4.0 2.0 3.0 1.0 0.0 1.0 0.0 1.0 
5.0 5.0 1.0 4.0 4.0 1.0 1.0 0.0 
0.0 0.0 11.0 14.0 10.0 2.0 0.0 0.0 
1.0 0.0 0.0 1.0 11.0 9.0 1.0 0.0 0.0 0.0 
1.0 0.0 1.0 1.0 7.0 4.0 2.0 4.0 
1.0 0.0 0.0 1.0 0.0 0.0 2.0 0.0 5.0 2.0 
1.0 0.0 1.0 0.0 0.0 0.0 0.0 3.0 2.0 5.0 
9.0 5.0 2.0 2.0 4.0 6.0 5.0 5.0 4.0 2.0 
0.0 0.0 0.0 0.0 0.0 1.0 1.0 2.0 1.0 2.0 
0.0 6.0 1.0 5.0 6.0 3.0 4.0 1.0 2.0 3.0 
3.0 3.0 2.0 4.0 3.0 2.0 0.0 3.0 
1.0 1.0 1.0 9.0 2.0 0.0 0.0 0.0 
1.0 3.0 2.0 4.0 1.0 1.0 3.0 1.0 0.0 0.0 
8.0 8.0 4.0 2.0 2.0 3.0 4.0 1.0 0.0 
0.0 0.0 0.0 0.0 50.0 0.0 0.0 0.0 
7.0 3.0 4.0 2.0 1.0 1.0 1.0 0.0 0.0 0.0 
0.0 1.0 0.0 0.0 0.0 0.0 0.0 0.0 1.0 0.0 
8.0 7.0 4.0 3.0 3.0 3.0 1.0 1.0 1.0 0.0 
6.0 2.0 7.0 6.0 1.0 2.0 1.0 2.0 2.0 0.0 
4.0 3.0 0.0 0.0 3.0 3.0 0.0 2.0 0.0 
0.0 0.0 0.0 0.0 2.0 4.0 2.0 3.0 0.0 0.0 
5.0 4.0 2.0 3.0 0.0 1.0 3.0 0.0 0.0 
0.0 0.0 6.0 14.0 19.0 6.0 0.0 0.0 
1820.0 1709.0 1231.0 917.0 656.0 258.0 47.0 2.0 179.0 425.0 
0.0 0.0 1.0 4.0 2.0 0.0 1.0 3.0 0.0 
3.0 2.0 0.0 11.0 5.0 2.0 0.0 1.0 
4.0 5.0 6.0 2.0 0.0 1.0 1.0 0.0 1.0 
0.0 2.0 15.0 15.0 0.0 0.0 0.0 0.0 0.0 
9.0 4.0 4.0 2.0 0.0 0.0 0.0 2.0 
203.0 113.0 49.0 41.0 28.0 14.0 15.0 16.0 8.0 
5.0 4.0 4.0 2.0 4.0 1.0 4.0 1.0 
9.0 5.0 2.0 3.0 0.0 2.0 3.0 0.0 0.0 0.0 
1.0 0.0 0.0 0.0 0.0 0.0 0.0 0.0 19.0 0.0 
89.0 158.0 136.0 81.0 79.0 103.0 153.0 80.0 114.0 104.0 
2.0 2.0 0.0 0.0 2.0 0.0 0.0 0.0 
7.0 11.0 5.0 2.0 4.0 0.0 2.0 1.0 
9.0 3.0 5.0 4.0 2.0 2.0 2.0 3.0 3.0 1.0 
0.0 2.0 3.0 4.0 4.0 5.0 4.0 2.0 4.0 2.0 
0.0 7.0 2.0 3.0 1.0 2.0 1.0 3.0 
8.0 3.0 1.0 1.0 1.0 1.0 3.0 5.0 5.0 
2.0 0.0 1.0 3.0 0.0 2.0 1.0 0.0 2.0 
2.0 8.0 3.0 2.0 1.0 1.0 2.0 1.0 3.0 
3.0 1.0 3.0 2.0 6.0 5.0 2.0 3.0 
4.0 9.0 4.0 3.0 2.0 1.0 0.0 1.0 
9.0 6.0 3.0 6.0 7.0 3.0 3.0 0.0 
2.0 12.0 9.0 3.0 4.0 1.0 1.0 1.0 0.0 
3.0 0.0 2.0 0.0 3.0 0.0 1.0 0.0 0.0 3.0 
0.0 3.0 3.0 5.0 8.0 4.0 1.0 0.0 
1.0 3.0 3.0 1.0 0.0 1.0 1.0 0.0 
5.0 0.0 0.0 1.0 0.0 0.0 0.0 0.0 0.0 
1.0 0.0 0.0 10.0 0.0 0.0 0.0 0.0 0.0 
8.0 3.0 3.0 0.0 1.0 1.0 1.0 0.0 
2.0 3.0 3.0 3.0 0.0 0.0 4.0 1.0 4.0 0.0 
3.0 3.0 1.0 0.0 0.0 0.0 0.0 0.0 0.0 1.0 
0.0 0.0 0.0 0.0 13.0 18.0 2.0 0.0 0.0 
14.0 10.0 3.0 1.0 0.0 3.0 0.0 2.0 1.0 0.0 
3.0 3.0 1.0 2.0 0.0 1.0 1.0 2.0 
3.0 3.0 5.0 2.0 1.0 7.0 5.0 5.0 2.0 4.0 
1.0 2.0 1.0 5.0 0.0 0.0 4.0 2.0 
2.0 2.0 2.0 6.0 4.0 3.0 5.0 5.0 4.0 2.0 
5.0 1.0 1.0 1.0 0.0 0.0 0.0 0.0 0.0 
0.0 0.0 0.0 19.0 14.0 7.0 9.0 0.0 0.0 
964.0 703.0 861.0 657.0 448.0 702.0 747.0 772.0 1027.0 1249.0 
0.0 1.0 4.0 17.0 4.0 0.0 0.0 0.0 0.0 0.0 
0.0 0.0 3.0 0.0 0.0 0.0 0.0 0.0 1.0 0.0 
2.0 5.0 2.0 0.0 1.0 1.0 0.0 1.0 1.0 0.0 
4.0 2.0 2.0 3.0 1.0 0.0 1.0 0.0 0.0 
31.0 7.0 3.0 2.0 2.0 2.0 3.0 1.0 0.0 0.0 
6.0 6.0 1.0 4.0 0.0 1.0 2.0 0.0 6.0 0.0 
2.0 6.0 6.0 2.0 4.0 4.0 0.0 0.0 1.0 7.0 
4.0 6.0 7.0 4.0 1.0 0.0 2.0 2.0 1.0 0.0 
0.0 0.0 0.0 0.0 1.0 0.0 1.0 0.0 
5.0 2.0 3.0 1.0 0.0 1.0 0.0 4.0 
0.0 15.0 35.0 0.0 0.0 0.0 0.0 0.0 
6.0 3.0 0.0 4.0 4.0 4.0 0.0 1.0 0.0 2.0 
10.0 4.0 2.0 4.0 3.0 1.0 3.0 0.0 1.0 3.0 
3.0 0.0 1.0 2.0 1.0 1.0 0.0 0.0 1.0 
5.0 7.0 5.0 2.0 5.0 3.0 3.0 1.0 2.0 
37.0 37.0 62.0 47.0 36.0 39.0 18.0 11.0 15.0 
4.0 0.0 4.0 4.0 2.0 6.0 5.0 3.0 1.0 
2.0 1.0 2.0 1.0 1.0 2.0 3.0 0.0 4.0 1.0 
11.0 1.0 2.0 1.0 3.0 1.0 6.0 4.0 4.0 
0.0 0.0 0.0 0.0 0.0 1.0 1.0 0.0 2.0 1.0 
6.0 1.0 4.0 1.0 0.0 2.0 1.0 2.0 0.0 0.0 
1.0 1.0 0.0 0.0 0.0 1.0 0.0 0.0 
6.0 4.0 3.0 0.0 2.0 0.0 5.0 7.0 11.0 3.0 
9.0 7.0 5.0 1.0 1.0 2.0 3.0 1.0 0.0 2.0 
4.0 6.0 7.0 2.0 2.0 4.0 2.0 1.0 1.0 
0.0 50.0 0.0 0.0 0.0 0.0 0.0 0.0 0.0 0.0 
0.0 1.0 0.0 0.0 3.0 7.0 4.0 6.0 
3.0 1.0 4.0 0.0 2.0 1.0 0.0 3.0 
1.0 7.0 7.0 0.0 0.0 0.0 0.0 0.0 0.0 
0.0 0.0 6.0 4.0 2.0 3.0 8.0 17.0 
2.0 3.0 1.0 1.0 3.0 7.0 6.0 6.0 5.0 5.0 
2.0 4.0 0.0 1.0 5.0 1.0 3.0 0.0 0.0 0.0 
4.0 5.0 0.0 1.0 1.0 0.0 0.0 0.0 0.0 0.0 
1.0 0.0 3.0 0.0 0.0 1.0 0.0 0.0 0.0 0.0 
5.0 1.0 1.0 0.0 0.0 0.0 2.0 0.0 1.0 0.0 
5.0 7.0 7.0 2.0 5.0 0.0 1.0 2.0 
11.0 4.0 11.0 5.0 1.0 1.0 5.0 1.0 
7.0 4.0 1.0 1.0 2.0 1.0 3.0 5.0 
4.0 3.0 4.0 1.0 1.0 5.0 1.0 3.0 2.0 
5.0 2.0 5.0 6.0 4.0 3.0 0.0 1.0 
5.0 1.0 1.0 0.0 1.0 0.0 1.0 1.0 0.0 0.0 
3.0 1.0 1.0 13.0 11.0 7.0 5.0 1.0 2.0 
50.0 37.0 57.0 22.0 23.0 19.0 13.0 17.0 31.0 
6.0 5.0 2.0 2.0 2.0 4.0 1.0 1.0 1.0 
6.0 4.0 3.0 5.0 1.0 3.0 0.0 2.0 
8.0 7.0 0.0 1.0 3.0 0.0 0.0 0.0 
15.0 7.0 1.0 4.0 1.0 2.0 4.0 5.0 1.0 3.0 
143.0 93.0 114.0 62.0 75.0 60.0 42.0 28.0 35.0 43.0 
10.0 3.0 3.0 3.0 1.0 0.0 0.0 2.0 0.0 
0.0 5.0 3.0 3.0 3.0 1.0 3.0 1.0 4.0 
1.0 3.0 2.0 0.0 0.0 2.0 0.0 0.0 1.0 
5.0 4.0 1.0 2.0 0.0 3.0 1.0 1.0 
2.0 10.0 5.0 0.0 1.0 0.0 1.0 0.0 2.0 1.0 
13.0 7.0 5.0 1.0 1.0 0.0 1.0 3.0 1.0 1.0 
9.0 0.0 2.0 0.0 24.0 12.0 7.0 9.0 4.0 
10.0 10.0 5.0 3.0 1.0 1.0 0.0 1.0 1.0 0.0 
7.0 7.0 6.0 8.0 3.0 6.0 1.0 1.0 4.0 0.0 
3.0 5.0 4.0 1.0 1.0 3.0 0.0 0.0 
1.0 0.0 1.0 6.0 6.0 8.0 6.0 10.0 
6.0 3.0 4.0 1.0 1.0 1.0 3.0 2.0 2.0 2.0 
7.0 6.0 5.0 6.0 1.0 0.0 0.0 0.0 0.0 0.0 
8.0 5.0 2.0 4.0 3.0 4.0 1.0 1.0 
0.0 0.0 0.0 0.0 0.0 0.0 1.0 1.0 15.0 0.0 
5.0 1.0 1.0 13.0 7.0 2.0 2.0 5.0 0.0 0.0 
7.0 1.0 1.0 2.0 0.0 1.0 1.0 0.0 
1.0 0.0 2.0 2.0 0.0 0.0 0.0 0.0 0.0 0.0 
5.0 7.0 2.0 1.0 1.0 3.0 1.0 2.0 4.0 
9.0 2.0 4.0 0.0 2.0 2.0 0.0 1.0 2.0 0.0 
6.0 9.0 6.0 8.0 2.0 1.0 1.0 3.0 
3.0 0.0 0.0 0.0 0.0 18.0 18.0 7.0 4.0 
1195.0 668.0 419.0 284.0 205.0 174.0 197.0 172.0 168.0 
6.0 3.0 0.0 1.0 0.0 2.0 0.0 0.0 0.0 0.0 
4.0 1.0 1.0 5.0 5.0 1.0 0.0 2.0 1.0 
4.0 4.0 5.0 3.0 1.0 4.0 2.0 2.0 
9.0 1.0 1.0 0.0 0.0 0.0 0.0 0.0 0.0 0.0 
9.0 6.0 11.0 2.0 6.0 3.0 6.0 0.0 3.0 0.0 
165.0 271.0 154.0 136.0 106.0 89.0 134.0 248.0 250.0 
2.0 4.0 2.0 2.0 1.0 1.0 0.0 2.0 0.0 0.0 
1.0 2.0 8.0 9.0 1.0 1.0 2.0 0.0 
1.0 0.0 50.0 0.0 0.0 0.0 0.0 0.0 
0.0 0.0 0.0 0.0 0.0 0.0 0.0 0.0 0.0 0.0 
4.0 5.0 6.0 5.0 4.0 1.0 0.0 0.0 
1.0 3.0 4.0 8.0 7.0 0.0 5.0 2.0 2.0 1.0 
5.0 1.0 1.0 2.0 3.0 3.0 0.0 0.0 
2.0 2.0 2.0 3.0 5.0 3.0 3.0 5.0 2.0 2.0 
11.0 6.0 2.0 4.0 1.0 1.0 1.0 3.0 2.0 0.0 
3.0 1.0 3.0 2.0 1.0 1.0 2.0 0.0 2.0 1.0 
10.0 3.0 1.0 2.0 1.0 5.0 0.0 0.0 
1.0 3.0 1.0 3.0 3.0 0.0 0.0 1.0 
2.0 3.0 5.0 5.0 3.0 2.0 0.0 1.0 1.0 
132.0 104.0 327.0 622.0 422.0 338.0 325.0 274.0 187.0 102.0 
3.0 1.0 3.0 2.0 4.0 2.0 0.0 0.0 0.0 1.0 
1.0 0.0 11.0 15.0 17.0 7.0 0.0 0.0 
8.0 5.0 5.0 2.0 2.0 3.0 3.0 0.0 2.0 
34.0 0.0 1.0 3.0 1.0 2.0 0.0 3.0 
5.0 3.0 4.0 3.0 7.0 1.0 0.0 2.0 1.0 
8.0 2.0 6.0 4.0 1.0 6.0 1.0 2.0 
0.0 0.0 0.0 0.0 0.0 0.0 0.0 2.0 
1.0 3.0 2.0 0.0 2.0 3.0 3.0 0.0 0.0 1.0 
0.0 2.0 2.0 0.0 0.0 1.0 7.0 2.0 1.0 2.0 
7.0 4.0 4.0 1.0 3.0 1.0 1.0 1.0 0.0 
4.0 3.0 3.0 5.0 4.0 5.0 3.0 2.0 3.0 1.0 
6.0 6.0 0.0 0.0 1.0 1.0 2.0 0.0 0.0 
5.0 7.0 2.0 0.0 0.0 0.0 1.0 1.0 0.0 
1.0 0.0 0.0 0.0 50.0 0.0 0.0 0.0 0.0 
3.0 4.0 4.0 5.0 1.0 3.0 0.0 0.0 1.0 
1.0 50.0 0.0 0.0 0.0 0.0 0.0 0.0 0.0 0.0 
123.0 121.0 81.0 62.0 40.0 36.0 18.0 19.0 21.0 19.0 
9.0 3.0 2.0 4.0 1.0 2.0 3.0 6.0 2.0 2.0 
1.0 0.0 1.0 1.0 1.0 2.0 0.0 2.0 0.0 1.0 
4.0 4.0 5.0 3.0 2.0 2.0 0.0 2.0 0.0 
0.0 0.0 0.0 0.0 20.0 19.0 9.0 0.0 0.0 
6.0 0.0 1.0 0.0 0.0 1.0 2.0 3.0 
0.0 0.0 1.0 7.0 1.0 2.0 3.0 1.0 0.0 
36.0 0.0 0.0 0.0 0.0 0.0 0.0 0.0 0.0 
4.0 4.0 3.0 1.0 0.0 3.0 1.0 0.0 2.0 0.0 
4.0 1.0 0.0 0.0 2.0 10.0 6.0 3.0 
4.0 2.0 3.0 3.0 11.0 0.0 0.0 2.0 1.0 2.0 
1.0 0.0 0.0 0.0 1.0 0.0 1.0 0.0 1.0 
0.0 0.0 2.0 1.0 2.0 0.0 0.0 1.0 0.0 0.0 
20.0 0.0 0.0 0.0 0.0 0.0 0.0 0.0 
7.0 3.0 2.0 1.0 4.0 2.0 3.0 1.0 2.0 1.0 
282.0 183.0 90.0 72.0 49.0 30.0 44.0 55.0 
4.0 2.0 2.0 0.0 0.0 0.0 0.0 1.0 2.0 0.0 
0.0 0.0 0.0 0.0 0.0 0.0 0.0 0.0 0.0 
8.0 10.0 4.0 2.0 3.0 2.0 2.0 0.0 
0.0 6.0 5.0 4.0 6.0 3.0 1.0 0.0 
9.0 2.0 5.0 2.0 3.0 3.0 4.0 4.0 14.0 
2.0 0.0 1.0 0.0 0.0 0.0 1.0 4.0 
0.0 2.0 0.0 2.0 1.0 4.0 3.0 8.0 
56.0 68.0 68.0 55.0 60.0 615.0 71.0 72.0 91.0 58.0 
1.0 0.0 10.0 16.0 16.0 12.0 0.0 0.0 0.0 0.0 
13.0 0.0 1.0 1.0 0.0 1.0 1.0 2.0 
0.0 0.0 0.0 50.0 0.0 0.0 0.0 0.0 0.0 0.0 
8.0 2.0 1.0 1.0 4.0 0.0 6.0 0.0 3.0 0.0 
1128.0 963.0 713.0 922.0 623.0 481.0 624.0 800.0 747.0 
0.0 0.0 23.0 8.0 2.0 2.0 1.0 2.0 
2.0 4.0 0.0 0.0 0.0 1.0 2.0 1.0 0.0 
9.0 4.0 3.0 1.0 1.0 0.0 1.0 0.0 1.0 
5.0 3.0 4.0 2.0 5.0 3.0 1.0 1.0 0.0 
2.0 3.0 1.0 0.0 1.0 3.0 0.0 0.0 0.0 1.0 
3.0 0.0 4.0 2.0 0.0 3.0 1.0 3.0 
1.0 1.0 0.0 0.0 0.0 0.0 0.0 0.0 
5.0 3.0 2.0 2.0 3.0 2.0 2.0 0.0 
1.0 4.0 4.0 11.0 2.0 1.0 15.0 10.0 2.0 2.0 
1.0 0.0 0.0 0.0 0.0 0.0 8.0 3.0 3.0 2.0 
9.0 5.0 1.0 3.0 1.0 0.0 1.0 1.0 1.0 
9.0 3.0 1.0 10.0 0.0 2.0 1.0 1.0 3.0 
13.0 8.0 4.0 0.0 3.0 3.0 0.0 0.0 
0.0 0.0 0.0 0.0 0.0 44.0 6.0 0.0 0.0 0.0 
1.0 7.0 7.0 10.0 5.0 3.0 2.0 0.0 0.0 
0.0 1.0 0.0 1.0 12.0 13.0 6.0 1.0 2.0 
5.0 3.0 2.0 4.0 2.0 2.0 2.0 3.0 2.0 0.0 
7.0 6.0 1.0 5.0 0.0 1.0 0.0 1.0 2.0 
4.0 1.0 0.0 1.0 0.0 0.0 0.0 0.0 
14.0 11.0 5.0 3.0 3.0 5.0 3.0 4.0 1.0 0.0 
6.0 11.0 2.0 1.0 0.0 0.0 0.0 0.0 0.0 0.0 
3.0 4.0 4.0 1.0 1.0 0.0 3.0 2.0 
2.0 4.0 2.0 5.0 5.0 3.0 4.0 2.0 1.0 2.0 
14.0 5.0 3.0 1.0 4.0 2.0 0.0 2.0 1.0 1.0 
2.0 2.0 3.0 0.0 0.0 0.0 0.0 0.0 0.0 0.0 
0.0 0.0 2.0 9.0 7.0 2.0 3.0 1.0 1.0 1.0 
4.0 2.0 2.0 1.0 0.0 1.0 0.0 0.0 0.0 1.0 
1.0 0.0 0.0 1.0 19.0 9.0 16.0 7.0 0.0 
1.0 4.0 0.0 1.0 0.0 33.0 8.0 2.0 
1.0 4.0 2.0 1.0 1.0 1.0 1.0 2.0 
7.0 2.0 0.0 0.0 0.0 0.0 0.0 0.0 0.0 0.0 
6.0 8.0 0.0 3.0 4.0 4.0 2.0 2.0 
6.0 4.0 6.0 0.0 7.0 2.0 2.0 0.0 1.0 1.0 
1.0 1.0 0.0 1.0 1.0 0.0 2.0 1.0 3.0 
9.0 2.0 1.0 4.0 2.0 5.0 5.0 0.0 3.0 1.0 
2.0 0.0 0.0 1.0 8.0 15.0 6.0 6.0 1.0 
0.0 2.0 3.0 3.0 2.0 3.0 3.0 2.0 
3.0 2.0 0.0 0.0 0.0 1.0 2.0 1.0 
4.0 2.0 1.0 2.0 1.0 0.0 2.0 0.0 
1.0 2.0 0.0 0.0 0.0 0.0 0.0 0.0 0.0 
15.0 0.0 0.0 0.0 0.0 0.0 0.0 0.0 0.0 1.0 
1.0 2.0 2.0 4.0 1.0 1.0 0.0 1.0 
6.0 0.0 4.0 2.0 1.0 1.0 1.0 1.0 
3.0 2.0 1.0 5.0 1.0 0.0 0.0 2.0 1.0 
9.0 7.0 3.0 4.0 1.0 1.0 1.0 3.0 2.0 0.0 
5.0 6.0 1.0 0.0 1.0 3.0 0.0 2.0 1.0 0.0 
4.0 2.0 4.0 1.0 1.0 1.0 2.0 0.0 
2.0 2.0 2.0 1.0 3.0 0.0 0.0 0.0 1.0 
7.0 5.0 1.0 0.0 0.0 0.0 0.0 0.0 0.0 0.0 
3.0 7.0 0.0 2.0 1.0 1.0 1.0 1.0 
2.0 5.0 8.0 3.0 0.0 0.0 2.0 0.0 
10.0 5.0 3.0 6.0 3.0 2.0 3.0 3.0 2.0 3.0 
14.0 6.0 5.0 5.0 1.0 1.0 2.0 1.0 0.0 1.0 
9.0 7.0 3.0 3.0 2.0 1.0 1.0 0.0 3.0 2.0 
2.0 5.0 1.0 2.0 6.0 0.0 1.0 1.0 
2.0 3.0 2.0 0.0 0.0 0.0 0.0 0.0 0.0 0.0 
5.0 4.0 2.0 1.0 1.0 2.0 2.0 4.0 
5.0 2.0 1.0 1.0 2.0 0.0 4.0 0.0 
5.0 1.0 1.0 3.0 6.0 2.0 0.0 0.0 
2.0 4.0 3.0 3.0 2.0 0.0 0.0 2.0 
5.0 4.0 3.0 3.0 1.0 0.0 0.0 0.0 0.0 0.0 
9.0 1.0 0.0 0.0 2.0 0.0 0.0 0.0 
1.0 0.0 1.0 3.0 8.0 5.0 7.0 0.0 1.0 0.0 
10.0 12.0 5.0 2.0 1.0 2.0 0.0 0.0 0.0 1.0 
4.0 0.0 1.0 0.0 0.0 1.0 1.0 0.0 0.0 1.0 
1.0 0.0 0.0 53.0 23.0 4.0 4.0 3.0 1.0 4.0 
8.0 5.0 2.0 0.0 1.0 0.0 2.0 1.0 
2.0 6.0 2.0 0.0 6.0 0.0 1.0 0.0 
343.0 247.0 213.0 190.0 123.0 157.0 145.0 83.0 43.0 
4.0 4.0 6.0 3.0 7.0 1.0 4.0 1.0 0.0 
4.0 5.0 4.0 5.0 5.0 0.0 0.0 0.0 0.0 
0.0 0.0 0.0 0.0 0.0 0.0 0.0 1.0 0.0 
0.0 0.0 1.0 1.0 2.0 1.0 0.0 2.0 1.0 0.0 
4.0 12.0 3.0 4.0 6.0 0.0 1.0 1.0 1.0 3.0 
7.0 2.0 5.0 1.0 3.0 0.0 2.0 0.0 
9.0 0.0 3.0 2.0 3.0 0.0 0.0 0.0 
8.0 12.0 4.0 0.0 0.0 0.0 0.0 0.0 0.0 0.0 
4.0 9.0 5.0 3.0 1.0 0.0 3.0 3.0 1.0 
3.0 1.0 1.0 0.0 3.0 12.0 6.0 6.0 
1.0 0.0 0.0 1.0 0.0 0.0 1.0 0.0 0.0 2.0 
1.0 4.0 4.0 4.0 5.0 7.0 1.0 1.0 0.0 2.0 
2.0 0.0 1.0 0.0 1.0 0.0 0.0 0.0 0.0 1.0 
1.0 17.0 9.0 0.0 5.0 4.0 0.0 0.0 2.0 
3.0 1.0 0.0 0.0 0.0 1.0 1.0 0.0 0.0 
10.0 1.0 0.0 0.0 0.0 0.0 0.0 0.0 0.0 0.0 
755.0 904.0 803.0 573.0 575.0 530.0 442.0 441.0 314.0 
2.0 1.0 1.0 1.0 0.0 0.0 0.0 0.0 1.0 1.0 
10.0 17.0 5.0 0.0 0.0 0.0 0.0 0.0 0.0 
19.0 5.0 7.0 5.0 2.0 3.0 1.0 2.0 0.0 
2.0 5.0 2.0 1.0 2.0 0.0 6.0 1.0 0.0 
4.0 4.0 5.0 2.0 1.0 0.0 1.0 1.0 
3.0 2.0 1.0 0.0 0.0 0.0 0.0 0.0 0.0 
0.0 2.0 1.0 2.0 0.0 2.0 0.0 0.0 
6.0 2.0 4.0 1.0 3.0 2.0 3.0 0.0 0.0 0.0 
0.0 2.0 1.0 1.0 0.0 0.0 1.0 0.0 1.0 0.0 
5.0 6.0 2.0 2.0 2.0 2.0 2.0 1.0 1.0 0.0 
2.0 2.0 1.0 0.0 1.0 18.0 13.0 8.0 5.0 
3.0 3.0 1.0 3.0 3.0 2.0 0.0 0.0 1.0 2.0 
1.0 2.0 3.0 2.0 3.0 0.0 1.0 1.0 
1.0 0.0 0.0 0.0 0.0 0.0 6.0 9.0 12.0 0.0 
152.0 127.0 134.0 56.0 65.0 60.0 78.0 41.0 
0.0 0.0 0.0 0.0 0.0 14.0 15.0 13.0 
12.0 5.0 4.0 3.0 1.0 0.0 1.0 2.0 0.0 
5.0 8.0 1.0 6.0 3.0 0.0 0.0 2.0 
186.0 114.0 70.0 54.0 60.0 40.0 30.0 12.0 10.0 14.0 
0.0 0.0 0.0 1.0 62.0 0.0 0.0 0.0 0.0 
5.0 4.0 4.0 3.0 2.0 0.0 2.0 0.0 0.0 
6.0 1.0 2.0 0.0 0.0 3.0 0.0 1.0 0.0 0.0 
2.0 0.0 0.0 1.0 0.0 0.0 0.0 0.0 2.0 0.0 
6.0 4.0 1.0 5.0 35.0 1.0 2.0 2.0 0.0 
2.0 6.0 64.0 0.0 0.0 0.0 0.0 1.0 1.0 0.0 
17.0 3.0 0.0 3.0 1.0 2.0 1.0 1.0 0.0 0.0 
8.0 3.0 4.0 2.0 2.0 1.0 1.0 1.0 0.0 
0.0 0.0 0.0 0.0 0.0 0.0 0.0 0.0 0.0 0.0 
7.0 5.0 1.0 4.0 2.0 1.0 1.0 1.0 1.0 
8.0 7.0 0.0 0.0 1.0 0.0 1.0 0.0 1.0 0.0 
7.0 2.0 7.0 5.0 0.0 1.0 1.0 5.0 
3.0 0.0 2.0 0.0 1.0 1.0 2.0 1.0 1.0 
2.0 2.0 1.0 2.0 2.0 0.0 0.0 1.0 
2.0 2.0 1.0 0.0 3.0 2.0 0.0 0.0 
7.0 4.0 1.0 1.0 0.0 0.0 0.0 0.0 0.0 0.0 
0.0 3.0 0.0 2.0 1.0 1.0 0.0 0.0 0.0 0.0 
12.0 5.0 3.0 3.0 0.0 2.0 0.0 0.0 0.0 
1.0 1.0 1.0 0.0 0.0 1.0 1.0 0.0 1.0 1.0 
10.0 5.0 3.0 2.0 3.0 4.0 0.0 2.0 0.0 
2.0 4.0 0.0 5.0 1.0 2.0 2.0 2.0 2.0 
12.0 5.0 7.0 3.0 2.0 0.0 2.0 0.0 1.0 
9.0 4.0 5.0 4.0 3.0 3.0 1.0 1.0 
6.0 6.0 3.0 0.0 2.0 1.0 1.0 0.0 
5.0 3.0 2.0 1.0 1.0 1.0 2.0 0.0 
2.0 12.0 0.0 0.0 1.0 2.0 5.0 8.0 
3.0 2.0 4.0 1.0 1.0 3.0 3.0 1.0 1.0 0.0 
4.0 4.0 3.0 2.0 0.0 2.0 0.0 1.0 
5.0 4.0 22.0 4.0 3.0 3.0 3.0 3.0 3.0 3.0 
3.0 4.0 3.0 1.0 0.0 3.0 1.0 2.0 0.0 
12.0 8.0 7.0 3.0 2.0 1.0 0.0 3.0 
1344.0 1333.0 1019.0 1409.0 1045.0 841.0 732.0 674.0 771.0 
5.0 8.0 2.0 2.0 2.0 8.0 4.0 4.0 4.0 5.0 
