1.892295945893505632e+04
8.015879610897811654e+04
2.905369392221283488e+04
4.994433689346090250e+04
1.750538643701253386e+04
9.728807359928300139e+04
1.063240014248847001e+04
4.982120055188832339e+04
6.915580952790273295e+04
3.374555031232393958e+04
2.627437722962275802e+04
3.566743171510484535e+04
3.628835548786644358e+04
1.077549083745251301e+04
2.633735347391446703e+04
2.749082731425178645e+04
4.565744524752719008e+04
1.034862271314519603e+04
1.003465899790724143e+04
7.211255610437736323e+04
3.655041959340606263e+04
1.977533005484564455e+03
1.159879802844538790e+04
1.351477109520182785e+04
2.490484563074760081e+04
2.258768688176554133e+04
2.530359711849054293e+04
2.940839137127672075e+04
2.004271933989570971e+04
2.074523920727281802e+04
1.777845948904776742e+04
1.329225543409166130e+04
8.687216282260334992e+03
1.271946120477659315e+04
1.465687719512794683e+04
7.354451836398362502e+03
2.620391974666121678e+04
9.778200539394840689e+02
9.613993053705105922e+03
9.435067738652234766e+03
1.322833652454209005e+04
6.683097841903632798e+03
1.425097900245037636e+04
1.990335003699509616e+04
7.215126187607147585e+03
1.104337822232336839e+04
6.363173932792708001e+03
1.221829571529690656e+04
4.574710074959688427e+03
1.068015012738878795e+04
5.825897054237054363e+03
1.059469756812341927e+02
8.740695484042291355e+03
8.012502410732675344e+03
3.226267753704442839e+03
6.845022411407067011e+03
1.472596935636883063e+04
3.817540264166726047e+03
2.096159103298477021e+03
6.902311334781892583e+03
1.381396527355405669e+04
6.451595812280000928e+02
6.681009804764729779e+03
4.649848489602665722e+03
1.202641746725230587e+04
3.556963941282634551e+03
9.272577253734019905e+03
9.458834270217017547e+03
2.091984963792388498e+03
9.387893300406169146e+03
1.432599501664681156e+04
1.283879644899171399e+04
8.331540829727142409e+03
6.184759039509983268e+03
8.910854886445520606e+03
9.473572470438413802e+03
1.039881328739660239e+04
2.575796738592858219e+03
4.444278942783221282e+03
9.243806923310477941e+03
1.100511275116863544e+04
6.022607814448609133e+03
6.812006026853956428e+03
4.206759763428372025e+03
1.502224427736027610e+04
3.438327591022753040e+03
1.900327893351518287e+04
5.103392034691421941e+03
1.758530356142036180e+04
4.013066659568651630e+03
3.635223313473526105e+03
1.355219239801672120e+04
9.632893661000740394e+03
7.551620957563654883e+03
1.627605447670274043e+04
2.911276108131772162e+03
4.196538691938632837e+03
6.340601150712074741e+03
5.282353382312548092e+03
3.366082025846483702e+03
6.063582147449877084e+03
3.461531508536248111e+03
3.854670289995628991e+03
9.376335539472454911e+03
3.651241733508618836e+03
4.750393132666681595e+03
6.055584690261073774e+03
4.013470000488709047e+03
4.321559987137198732e+03
5.144913849687124639e+03
4.127938616967730923e+03
5.619086815061029483e+03
2.933683645176999562e+03
1.318132510015294883e+03
3.958737244869766073e+03
5.032231172140511262e+03
5.299127680584149857e+03
4.838433921361141984e+03
1.623213544777289098e+04
1.098069924250787517e+04
1.332778735271187543e+03
5.811590443335518103e+03
5.437379676838341766e+03
6.515333545091732049e+03
2.672230657691926808e+03
5.430619596128801277e+03
3.829409907705707155e+03
4.834079196841084922e+03
4.691660348929375687e+03
8.142516325755747175e+01
2.189834759367131483e+03
5.037462784816738349e+03
3.143221595387861271e+03
4.316856499013464600e+03
6.294656561677354603e+02
3.357423294177512616e+03
2.553544288118086115e+03
3.315405929735059544e+03
4.949721307317077844e+03
3.069611861378059984e+03
3.978795409450714033e+03
1.763129632471466039e+03
3.879563163655160679e+03
2.277997914517849495e+03
2.750982348974960587e+03
1.626269859867633613e+03
6.416563062576798984e+03
2.585317187672782438e+03
3.554320697003143778e+03
1.043109192649569650e+03
6.695589218847060238e+02
2.155584008447206998e+03
1.997529654377751740e+03
5.167061113687683246e+03
4.902644130473485973e+01
6.474960931161538156e+02
3.051828319578891751e+03
2.471592696896394045e+03
4.012541112342124507e+03
3.320891467837066557e+03
2.606234292353686214e+03
1.852445835273365219e+03
9.668248396101935214e+02
3.268898977106265647e+03
3.755806189461783106e+03
1.261774146755596121e+03
1.738092569301911226e+03
2.451169595655223020e+03
3.269770227615269505e+03
1.272800067710875283e+03
4.659045941846794449e+03
3.622786911084342137e+03
1.102612230232963384e+03
1.864285509691429070e+03
6.537245054447059374e+03
1.099285901639270378e+03
2.849131594866382784e+03
2.500041778644361329e+03
2.903034581480800625e+03
1.326851818707941675e+03
2.216443599005981014e+03
4.196582515477695779e+03
9.718913132752176125e+02
2.321745133579478988e+03
1.107652926811440963e+01
1.501405794221064298e+03
1.413986004785149362e+03
6.565741421835523397e+02
1.282696802917036166e+03
2.231552254275123687e+03
2.092008603258181211e+03
9.276760109182901033e+02
1.189986046166719916e+03
8.883126741585567032e+00
1.436092993923180074e+03
3.171535867949703061e+03
1.529244742444355097e+03
7.969162079594789247e+02
1.388048396746784647e+03
2.370814493616715879e+01
1.081367647665089180e+03
1.514960901709795507e+03
4.652940522877602234e+03
1.185778865701235645e+03
1.494157091870928070e+03
2.657580015627557259e+03
3.040434719034910813e+03
8.636702702058423711e+02
3.540366960698630919e+03
1.318028703288171073e+03
2.292795389162144602e+03
1.980715367679578776e+03
2.475889461881492480e+03
6.630862473412227018e+02
4.523320380973594865e+02
3.674040461906700784e+03
1.155805285406489020e+03
2.871325463720425432e+03
2.003634941718744130e+03
1.875721841085266306e+03
2.374729449973527153e+03
1.560561818580795261e+03
1.778588662862653109e+03
1.625433585190583017e+03
1.542444458908800243e+03
4.719423018515910258e+02
2.493399957970421383e+03
5.452391318424524513e+01
6.584519728679056243e+02
2.418856084038395238e+03
1.963529413797373081e+03
1.440285798206544769e+03
4.606162096768339893e+02
2.855364672782851358e+03
7.710603846040221470e+02
1.677451701137191549e+03
6.448277664791630670e+00
1.904819992825728377e+03
1.214925421200947540e+03
2.883137833243144087e+03
6.969218503503609554e+02
1.042078091017421912e+03
3.609897119626481981e+03
9.064873841488906692e+02
2.771859589564404814e+03
3.880045866064596112e+02
7.793315502971877322e+02
1.723616158165334127e+03
1.206844344823042775e+03
3.176549725900779322e+03
6.165224360466382905e+02
8.966426169740877867e+02
1.072338045786021212e+03
1.461262077641333462e+03
1.808094968101991299e+03
1.161217189624147522e+03
1.335512981765380118e+03
4.172934169106281843e+03
2.939425260764239169e+02
6.723240471912308749e+02
5.179775226906893977e+02
1.880660454113663263e+03
2.578570782671810775e+03
6.965094054683788727e+02
1.515912351203030312e+03
2.633248401976462901e+03
1.097342156689064268e+03
1.897914388735207922e+03
4.356254101083325168e+02
9.190931045980236149e+02
1.293544649351399130e+03
1.477558294543071952e+03
1.112200495154616192e+03
9.721819709655337647e+02
3.439327789976027816e+02
8.656419121978858584e+02
7.697196066333888211e+02
7.070982098193885577e+02
4.776699728145227709e+03
1.054410993510373146e+03
6.144567291163778009e+02
3.107067961941849262e+03
9.686737879700306166e+02
2.056858428365945656e+03
5.688711917079136811e+02
8.855369041658593687e+02
4.351514723200465596e+03
2.404256512761956401e+03
4.995889073053531320e+03
1.697718853708280676e+03
1.358810636671488282e+03
1.261540365179607534e+03
9.435900806453207679e+02
1.430038761388760122e+03
3.056082722296066549e+02
8.957825307264384946e+02
2.803513155054256913e+03
6.721761161680287842e+02
9.213335462449419992e+02
3.334108398536199225e+00
3.633560295867588593e+03
9.955751064581668288e+02
1.210384638293706075e+03
9.382062207767428390e+02
1.339205698076537374e+03
3.846305941585628716e+03
2.117037729463784672e+03
1.533073607754742170e+03
6.460530557774941371e+02
5.738478146684878084e+03
1.726856717673971616e+03
1.279100874517811917e+03
1.906387841734957647e+03
1.126447713599218332e+02
2.063323032063654807e+02
2.475816633602658840e+03
1.133104165762892080e+03
3.006021357650418395e+03
1.143702783695887092e+03
6.969336639827671434e+02
1.537264233216105822e+03
3.642758832814069137e+03
1.694952623493535611e+03
6.731911733501315211e+02
2.718076158021202104e+01
1.001256548384219059e+03
2.158432737646250644e+03
3.076520749825462190e+03
9.292863489471278626e+02
2.895571503451634271e+03
7.113381724364974161e+02
1.504623332507814666e+03
1.126006077772846993e+03
4.811303934186628339e+02
4.924250458195171518e+02
9.890831208400117021e+02
2.828547655192707122e+00
1.418854609798628871e+03
1.556427606027994443e+03
4.805902991940529319e+03
4.208006926097105861e+03
1.052829596289758683e+03
3.586894642284763677e+02
2.815868263672825833e+03
1.552913836812611635e+03
8.157968880740210125e+02
2.120573455761175865e+03
2.134343978440107094e+03
1.234546955315563991e+03
8.321071076417250652e+02
1.085371399395537765e+03
1.111813540829882186e+03
4.928242039691662626e+02
1.424438439327103879e+03
7.781147181454388146e+02
1.035384410249595931e+03
8.120296688344180893e+02
1.285323472081604905e+03
2.666692168136421060e+03
1.074824436709025576e+03
1.568987080832685706e+03
5.540709344477852483e+02
1.426348682727692449e+03
7.015030851189890200e+02
1.403597338923801090e+03
1.284666406246206634e+03
1.900872151198056144e+03
8.725113944129784613e+02
1.115983676427088085e+03
2.736277928837647323e+03
2.153524210386518462e+03
1.102609461294713583e+03
9.307112489718944062e+02
3.941335570398224263e+03
1.844339423656434974e+03
1.289920532288149843e+03
5.533074365500096974e+02
9.961329708840116837e+02
2.038960020156707287e+03
1.828228613597190815e+03
4.912696439777178625e+02
1.174676700935960071e+03
4.247778432886914288e+02
7.091581866356511910e+02
9.316649873105524193e+02
1.772640442900700691e+03
6.412969812319797711e+02
1.750999385343387985e+03
1.327870355705029397e+03
1.609107533450639494e+03
8.093668015058767651e+02
5.126809638521031047e+02
2.480665297963573721e+03
4.756005998077018262e+02
1.380211664312259245e+03
1.913674569179461287e+02
8.778061800988403718e+00
4.889248478226846828e+02
1.730801864204664980e+03
1.804089331345023766e+03
3.099255101871437432e+02
6.490468992641826844e+02
1.895721469950449091e+03
9.785257925253570193e+02
2.871151587369945446e+02
3.127372631963513641e+02
8.972431359729462201e+02
1.455220560029729540e+03
3.834077971849638971e+02
1.560217733107750519e+03
2.621267059376881207e+03
1.323526148527353598e+03
1.756413392509843106e+03
1.637968635408908114e+01
8.119358368415537370e+02
1.978900514802759062e+03
4.469299259088752478e+02
1.365173403063490696e+03
2.439482329109070236e+02
1.073952110293239912e+03
1.953504690307557212e+03
2.226262644562001185e+02
2.090390427188401645e+03
3.088337789869854532e+03
1.047009378467478655e+03
4.851321182585605129e+03
2.425169400471028780e+01
1.469799909385475530e+03
5.948850520527042818e+02
7.722596298950579694e+02
1.102149591215313876e+03
6.392947435742219113e+02
3.461313221480679658e+03
6.232933983897748931e+02
1.218612052224105810e+03
4.959084051125472001e+02
3.811348382028480728e+02
9.721951850393425048e+02
2.605182345717844782e+03
1.392277617319731007e+03
3.369615371317615882e+02
6.300259695599763745e+02
1.304784847685133172e+03
3.968844275430292328e+02
1.321824744315714725e+03
1.090606915742105230e+02
2.576942839102151197e+02
3.271080375394785165e+02
3.764612907902285883e+02
1.428911427891038784e+03
2.938708905895593944e+02
3.514557186273418665e+02
4.045127630245034993e+02
1.194215950040970853e+02
7.804117299370211640e+02
1.151918586793053656e+01
5.318688117351376832e+02
6.810234759516729355e+02
5.521978826002623464e+02
6.951085936589405492e+02
1.968855089764760464e+02
2.930926272586470418e+02
3.362494727702204500e+02
4.766112228178070040e+02
1.719720850557208678e+03
5.315129946478383545e+02
1.115177860980960077e+03
6.525028592235177030e+02
9.312065608548019782e+02
4.311270764757690586e+02
1.769515367033767106e+01
4.039513873899277314e+02
4.214668187577405547e+02
2.882089027074010232e+02
6.013169186856721353e+02
4.033207861341862781e+02
2.104833538028979376e+02
4.384199710827791705e+02
1.939310854110545392e+02
2.740726069920661416e+02
5.630821518508823829e+02
5.551886199064821312e+02
2.676136178803619146e+02
3.596539055053071934e+02
7.166096036880143174e+02
1.186221244878223473e+02
2.432289849032221696e+02
7.948573814733073561e+00
1.467181996185788933e+02
5.204061456928490088e+02
2.009066702359427154e+03
1.380748875190325187e+00
1.070900405815680188e+03
7.160661481729428033e+02
7.187915927693413778e+02
1.188545129655570690e+03
2.977029531826802668e+03
2.980525676182464849e+02
1.188765979304017264e+03
9.908268851743187042e+02
3.094750595757863607e+02
2.240430533422903920e+02
1.087687239564081096e+02
1.043066051634352334e+03
3.278090423548725312e+02
3.719959779620592144e+02
-2.470287703993192530e-01
3.817009225243607489e+02
7.124379745456020601e+02
2.754571647569388006e+03
1.359488356279346590e+03
5.810339781604164955e+02
3.615093498097472207e+02
1.500113664094782052e+03
1.011188612104342077e+01
1.884137529214888218e+03
1.366962920330270208e+03
7.973737442793503760e+02
5.897568484413491205e+02
1.050842964553654838e+03
5.482420086442450611e+02
5.631632703554968202e+02
2.584983057730996734e+02
3.765514423573848717e+02
3.346391228370526392e+02
6.075890099487531870e+02
1.240953725584241738e+03
1.634298543408839123e+03
2.060161763729074380e+02
6.376465242696915539e+02
3.661080894539983319e+02
2.992284001360222874e+02
2.635275601083497349e+03
7.382659595349513211e+02
2.041577895821051243e+03
3.124639017389188211e+02
1.104439565277488555e+03
3.302260190031655611e+02
5.038846540767704028e+02
5.461683512577637885e+02
3.830097675964000246e+02
2.360338211407976701e+02
4.635009624456267829e+02
4.173682323995437855e+02
2.196627714633168580e+02
2.450491935792129880e+03
8.070469040133799581e+02
1.156381366025579837e+03
1.874498913326732918e+03
4.608499389449465866e+01
5.070928343088111205e+02
7.990672157002959466e+02
1.944808099390545067e+03
1.147109628114051930e+03
5.803150582403059161e+02
6.420499911569465894e+02
3.346045012486906671e+02
7.355882736294105939e+01
9.233136411496856226e+02
1.808828004750452237e+03
1.434394292434621434e+02
6.854699044848731546e+02
2.513761828859733498e+02
3.055249299686012137e+02
5.642580729043165775e+02
4.240386304606033718e+02
9.369181475204862863e+02
3.167431371106697497e+02
7.534505088627743135e+02
7.642379723176752577e+02
1.928883600862939716e+02
2.820358848992586900e+02
3.129956235163984729e+03
6.295218499071158931e+02
5.732133635059012704e+02
2.338741180395767216e+01
4.716789133400139349e+02
1.208462719411257012e+03
5.650268079474047227e+03
1.118074937302572152e+03
3.094108716975425523e+03
8.365994290797417534e+02
3.613519338209142688e+02
8.240784031367013540e+02
1.700975969576397347e+03
1.013383785960094883e+03
1.839144781614577823e+03
1.222237252183707142e+03
1.992408150151656628e+03
7.661758523352838210e+02
1.324745296497617119e+03
6.356457781262878370e+02
8.750085330664832100e+02
1.452331293861751931e+02
8.125144269008297897e+02
3.426505837475693284e+02
2.445791330175985365e+02
9.191341163063483464e+02
1.144173591361460041e+02
6.180990776177155794e+02
3.722812483530521490e+02
6.910454587846106733e+01
1.474368980916200371e+02
8.285174100348726824e+02
4.425267527094878233e+02
5.936316889487454773e+02
1.636563977376014236e+02
2.459948965637108529e+02
3.090445348958661498e+02
9.146495809319549153e+02
8.997774455524166797e+02
1.213556726155692367e+01
7.345118002225529352e+00
5.317945708813726924e+02
2.560309141424786503e+02
4.473940757733092823e+02
1.083290201341002557e+03
8.103077712966744457e+02
5.854302603282931159e+02
1.505923051587009240e+03
1.943967310904633337e+02
1.091432914918639653e+03
4.984212538677419388e+02
1.166426097619915936e+01
7.801253258445105985e+02
4.012990062129667308e+02
9.928473503652946874e+02
1.154684102434523311e+03
7.835238682585860488e+02
9.096162600839455763e+02
8.967276427563914467e+02
4.480147973759164302e+02
2.111349250901760684e+02
3.674271889815930763e+02
2.769464967835046536e+03
8.937911819450818030e+02
2.055262774068039846e+02
3.286497267692301421e+02
8.138213592749474401e+02
5.010326443172732525e+02
9.624448480519895384e+02
1.379130641847951892e+02
1.465992801641752585e+01
6.812667146899658519e+02
3.569889536991846626e+02
1.672213304463384986e+02
6.478273117969904433e+02
2.102027822184589922e+02
9.802719308259780462e+01
2.164186703214803629e+02
2.580944595341688910e+02
9.866965977149945388e+01
1.475833843269964518e+02
3.139041553373585884e+02
4.735148764647078110e+02
3.639866797815138852e+02
4.174356912074796355e+02
-7.816039297972041666e-01
9.601802561664211453e+02
1.712351783671387011e+02
1.110408302505324940e+02
1.986017057733921547e+02
1.511261406793316837e+03
5.496805811569295201e+02
5.500089582368902938e+02
2.184851892330344185e+02
2.292057698321342514e+02
1.503158306598998024e+03
1.496847959767291627e+02
2.122883660893418210e+02
1.988319686475350068e+02
1.010460246942456877e+02
7.322022793917489025e+02
3.500111054896063933e+02
7.527866317998880277e+02
1.965742773632790659e+02
1.856164797730519638e+02
2.773520367037959886e+02
1.062542749129706294e+02
9.991356465901328932e+01
8.848939091314982761e+02
2.360717898540825672e+02
1.806737573445793998e+02
1.290661797351689870e+02
2.947877234763523120e+02
4.389808784263580037e+02
4.713804844554758802e+02
9.747368094809456807e+01
1.939658491821368216e+02
4.947460622781268285e+02
1.830318783614024767e+02
1.116568157830942454e+02
3.582985310517030797e+01
3.203180796658663212e+02
2.784030943790974533e+01
3.173789011526707071e+01
1.680302664083546347e+02
4.480548739129039149e+01
2.030565017440284237e+02
1.033772079328930715e+02
4.552032956740805503e+02
8.936810714995746707e+01
2.989384513769181808e+02
2.228526587305778719e+02
1.048452485472979845e+02
4.039769795072868988e+02
1.235253993190183337e+02
3.101072778891599455e+02
1.467191384960297569e+02
5.783576617996963165e+01
3.347967768208471284e+02
5.658983660090279955e+02
2.207020856370805291e+02
1.200966930084094315e+02
8.310282738711644868e+01
4.234151914441813460e+02
3.292307138129562532e+02
2.383985404777688473e+02
8.734014241447544009e+02
7.834002253360429222e+02
7.554743578189921038e+01
3.717709329211115801e+02
2.260454250763655182e+02
4.244293707540460900e+02
7.720184515665013123e+02
3.869203139727515008e+02
5.736405250465220433e+02
1.673344267022533245e+02
6.401446719499876963e+02
1.440096695660812998e+02
6.369638204101943302e+02
2.428113412470442825e+02
9.685444615755287145e+01
3.480319654518391417e+02
1.217499932377844942e+02
5.000873798854055963e+02
2.695651930905517020e+02
-9.451271129537158089e+00
7.018829280770343075e+02
4.884440989007181599e+01
3.083915490124988992e+02
2.518702781976288350e+02
1.772101716654677830e+02
-6.539627152029660273e+00
5.974824171876118726e+02
3.161709248365872327e+02
1.695794939306500169e+02
8.452101253826825200e+01
5.691833311324558053e+02
1.132269323840222910e+02
9.622981194195186561e+01
2.318918551534175094e+02
1.899855490297643428e+02
1.535494628010135898e+02
5.908482986274022153e+01
1.876280867647619175e+02
3.789212311152589336e+02
5.459196356154130569e+01
1.493882997366055747e+02
1.785921478743926514e+02
1.203317876934012887e+01
2.732419381001518559e+02
2.515971912346854538e+02
3.770866153559503005e+02
1.005649186012547744e+02
4.152550716670684778e+02
1.423880423939608022e+02
9.275446984785234861e+01
8.508756577574894209e+01
1.890054063118805061e+02
8.909707241749096340e+00
8.530118642430757347e+01
3.741461142132642408e+02
2.349654402490498626e+02
1.087342488516320032e+02
1.277600302519881694e+02
7.008016054317594978e+01
2.490042965931059200e+02
1.079460138430484619e+02
1.848490327936152084e+02
9.853246525911724518e+01
-6.039499190888163227e+00
1.740738494420394318e+02
1.615082507748945204e+02
5.113696926757918959e+01
2.270812043666934414e+02
1.097657949422950310e+02
3.458524697638743817e+01
4.215734625150007275e+01
2.260554869243605580e+01
5.542835731263742218e+02
8.918060203050363555e+01
1.273739721506876492e+02
1.011082759545560918e+02
4.664917480991493903e+02
3.338885483675454111e+02
1.347554319611420510e+02
3.027901081779954211e+02
1.972668985940119910e+02
2.626343461370626073e+02
6.883043714484053908e+02
2.720051195514427036e+02
-7.789851441773586238e+00
3.972838298939577726e+02
9.128736657552741462e+02
3.521529733826840243e+02
1.393971990051887246e+02
1.306330519627958040e+02
1.353859541891600031e+02
2.963215334465865567e+02
6.222111546754586442e+01
2.826946046913904809e+01
1.624045331226344047e+02
5.003236137667964272e+02
1.205543282208767550e+02
1.669657725623326883e+02
5.223053314738555031e+01
3.440722877426187551e+02
2.405512571940645046e+02
1.242812521543665838e+02
1.375914111946486571e+02
1.457491770556358688e+02
1.426812247342958528e+02
5.301972190705948407e+01
1.297194275017001530e+02
1.112595336636568391e+02
8.913233799977291483e+01
5.380172241869763639e+01
1.175465046424739342e+02
1.571209309172357109e+02
6.392574643471105134e+01
2.942180291755708055e+01
7.211338770478509730e+01
9.466095410862973125e+00
4.271079215084315450e+01
4.347418974457569902e+02
1.619908338123620339e+00
1.826921186174996592e+02
5.972130275370566324e+02
6.072748831183853326e+02
1.740113511477880195e+02
1.958778067062384309e+02
-4.542942391189266793e+00
1.333585173262977719e+02
7.494985764874304550e+02
5.450677785851000863e+02
1.082714056607792088e+02
3.491126172560299210e+02
4.894481887958934294e+02
2.054206986312846084e+02
6.685488871888280471e+01
5.346075060409141315e+02
1.249384487316088723e+02
4.438333773141054053e+02
8.066333739321198948e+01
-5.986111971848107061e+00
9.489534275317803349e+02
1.651775976152500220e+02
1.153392106825022836e+02
4.435689824525009044e+02
1.061673197654619827e+02
-5.811064154976333995e+00
2.549737186950587784e+02
1.794178048022471103e+03
3.781137241007351122e+02
6.576057049358688289e+01
8.032373085620825748e+00
3.418483312866662231e+02
6.334254014541717197e+02
1.566420418524234890e+02
2.484781871939797497e+02
7.986948964305764775e+02
2.281148090971532270e+02
9.147170819358240124e+02
3.824595752505728115e+02
2.397547577677032109e+02
5.583640966395591931e+02
1.489261441941122825e+02
1.202920009020734824e+02
1.548362193380276324e+02
5.011070236021163851e+02
2.349032250640711084e+02
3.365211846123141299e+02
1.525468144971051743e+02
1.964378724737844095e+02
1.115109029035878621e+02
2.071651799980338922e+02
5.235402320785140518e+01
-5.524235025912976660e+00
2.185258678530927909e+02
4.437978888938110913e+02
-1.654308560651595883e+01
4.342741723608292546e+02
3.349608927629072355e+02
2.044625074620716418e+02
2.249480958188066495e+02
1.783300430068478590e+02
1.127036704312465503e+02
9.526044941696250135e+01
8.536214689908709907e-01
